-3.0515 0.0872664 0.908255
-3.0515 0.261799 3.70224
-3.0515 0.436332 1.10425
-3.0515 0.610865 1.3827
-3.0515 0.785398 1.20982
-3.0515 0.959931 1.43541
-3.0515 1.13446 0.686293
-3.0515 1.309 0.110892
-3.0515 1.48353 1.69731
-3.0515 1.65806 0.396228
-3.0515 1.8326 2.96395
-3.0515 2.00713 2.41514
-3.0515 2.18166 1.61408
-3.0515 2.35619 5.87701
-3.0515 2.53073 0.222099
-3.0515 2.70526 1.1485
-3.0515 2.87979 1.75522
-3.0515 3.05433 0.486927
-3.0515 -3.05433 0.833931
-3.0515 -2.87979 0.560531
-3.0515 -2.70526 6.37164
-3.0515 -2.53073 0.522396
-3.0515 -2.35619 1.15222
-3.0515 -2.18166 2.34157
-3.0515 -2.00713 0.174954
-3.0515 -1.8326 1.1314
-3.0515 -1.48353 0.825621
-3.0515 -1.13446 0.666049
-3.0515 -0.959931 1.60713
-3.0515 -0.785398 0.626348
-3.0515 -0.610865 0.946852
-3.0515 -0.436332 0.365634
-3.0515 -0.261799 1.82772
-3.0515 -0.0872664 1.34973
-3.2265 0.0872664 1.29854
-3.2265 0.261799 2.35532
-3.2265 0.436332 4.02108
-3.2265 0.610865 0.878372
-3.2265 0.785398 0.427654
-3.2265 0.959931 1.96789
-3.2265 1.13446 1.44053
-3.2265 1.309 2.10812
-3.2265 1.65806 1.10065
-3.2265 1.8326 0.575528
-3.2265 2.00713 1.99749
-3.2265 2.18166 2.1509
-3.2265 2.35619 0.333218
-3.2265 2.53073 0.220666
-3.2265 2.70526 1.54618
-3.2265 2.87979 1.1824
-3.2265 3.05433 3.7575
-3.2265 -3.05433 3.8212
-3.2265 -2.87979 4.20753
-3.2265 -2.70526 1.22332
-3.2265 -2.35619 3.00935
-3.2265 -2.18166 2.83102
-3.2265 -2.00713 2.2935
-3.2265 -1.8326 0.498439
-3.2265 -1.65806 0.801347
-3.2265 -1.48353 0.259344
-3.2265 -1.309 2.83411
-3.2265 -1.13446 4.80757
-3.2265 -0.959931 1.75655
-3.2265 -0.785398 2.37414
-3.2265 -0.610865 1.17255
-3.2265 -0.436332 1.45169
-3.2265 -0.261799 1.27504
-3.2265 -0.0872663 6.75689
-3.4015 0.0872666 2.01941
-3.4015 0.261799 2.70853
-3.4015 0.436332 0.571349
-3.4015 0.610865 0.866664
-3.4015 0.785398 1.8379
-3.4015 0.959931 0.301938
-3.4015 1.13446 2.89691
-3.4015 1.309 2.25543
-3.4015 1.48353 1.74059
-3.4015 1.65806 1.7111
-3.4015 1.8326 1.154
-3.4015 2.00713 1.67912
-3.4015 2.18166 1.88572
-3.4015 2.35619 1.5172
-3.4015 2.53073 3.00898
-3.4015 2.70526 1.66074
-3.4015 2.87979 0.974542
-3.4015 3.05433 1.53079
-3.4015 -3.05433 2.46671
-3.4015 -2.87979 1.21984
-3.4015 -2.70526 0.7187
-3.4015 -2.53073 0.0819765
-3.4015 -2.35619 2.31227
-3.4015 -2.18166 1.47781
-3.4015 -2.00713 2.31547
-3.4015 -1.8326 1.98634
-3.4015 -1.65806 1.77558
-3.4015 -1.48353 0.774156
-3.4015 -1.309 0.985603
-3.4015 -1.13446 1.26148
-3.4015 -0.959931 2.38521
-3.4015 -0.785398 1.50382
-3.4015 -0.610865 1.73889
-3.4015 -0.436332 1.0409
-3.4015 -0.261799 1.34339
-3.4015 -0.0872664 1.38559
-3.5765 0.0872664 1.08178
-3.5765 0.261799 0.395771
-3.5765 0.436332 1.51092
-3.5765 0.610865 0.552434
-3.5765 0.785398 2.02205
-3.5765 0.959931 0.748052
-3.5765 1.13446 2.1273
-3.5765 1.309 1.29247
-3.5765 1.48353 0.522256
-3.5765 1.65806 1.29633
-3.5765 1.8326 1.37659
-3.5765 2.00713 0.742936
-3.5765 2.18166 1.21048
-3.5765 2.35619 1.51944
-3.5765 2.53073 3.13727
-3.5765 2.70526 2.93954
-3.5765 2.87979 1.24861
-3.5765 3.05433 3.53828
-3.5765 -3.05433 3.54744
-3.5765 -2.87979 0.969662
-3.5765 -2.70526 1.74945
-3.5765 -2.53073 2.21725
-3.5765 -2.35619 0.524237
-3.5765 -2.18166 1.16512
-3.5765 -2.00713 1.77296
-3.5765 -1.8326 1.72054
-3.5765 -1.65806 0.386889
-3.5765 -1.48353 1.71187
-3.5765 -1.309 1.41504
-3.5765 -1.13446 0.982666
-3.5765 -0.959931 1.45925
-3.5765 -0.785398 1.84492
-3.5765 -0.610865 3.27912
-3.5765 -0.436332 2.07278
-3.5765 -0.261799 3.16666
-3.5765 -0.0872666 1.28718
-3.7515 0.0872664 2.11376
-3.7515 0.261799 1.86857
-3.7515 0.436332 1.3314
-3.7515 0.610865 1.09379
-3.7515 0.785398 0.709387
-3.7515 0.959931 0.819572
-3.7515 1.13446 1.34017
-3.7515 1.309 0.617221
-3.7515 1.48353 1.95801
-3.7515 1.65806 2.60822
-3.7515 1.8326 1.26048
-3.7515 2.00713 2.95969
-3.7515 2.18166 3.08311
-3.7515 2.35619 1.51012
-3.7515 2.53073 1.41684
-3.7515 2.70526 3.94363
-3.7515 2.87979 1.06611
-3.7515 3.05433 1.05574
-3.7515 -3.05433 1.16631
-3.7515 -2.87979 1.23105
-3.7515 -2.70526 3.68882
-3.7515 -2.53073 2.1689
-3.7515 -2.35619 1.82546
-3.7515 -2.18166 3.3241
-3.7515 -2.00713 1.55613
-3.7515 -1.8326 0.757186
-3.7515 -1.65806 0.468721
-3.7515 -1.48353 1.64056
-3.7515 -1.309 1.03472
-3.7515 -1.13446 1.07014
-3.7515 -0.959931 1.1417
-3.7515 -0.785398 2.12433
-3.7515 -0.610865 0.825696
-3.7515 -0.436332 2.11344
-3.7515 -0.261799 0.543661
-3.7515 -0.0872664 1.73494
-3.926 0.0872663 0.600355
-3.926 0.2618 0.393207
-3.926 0.436332 0.464196
-3.926 0.610865 0.978035
-3.926 0.785398 0.567761
-3.926 0.959931 3.08333
-3.926 1.13446 0.892016
-3.926 1.309 0.469467
-3.926 1.48353 1.03048
-3.926 1.65806 1.15014
-3.926 1.8326 2.66212
-3.926 2.00713 2.74288
-3.926 2.18166 2.50131
-3.926 2.35619 1.69677
-3.926 2.53073 0.714297
-3.926 2.70526 2.16063
-3.926 2.87979 1.90672
-3.926 3.05433 1.04523
-3.926 -3.05433 1.10404
-3.926 -2.87979 0.722145
-3.926 -2.70526 1.80457
-3.926 -2.53073 2.50122
-3.926 -2.35619 2.27389
-3.926 -2.18166 0.934852
-3.926 -2.00713 1.0651
-3.926 -1.8326 0.390136
-3.926 -1.65806 0.0469269
-3.926 -1.48353 1.74047
-3.926 -1.309 1.99331
-3.926 -1.13446 2.01097
-3.926 -0.959931 0.949832
-3.926 -0.785398 2.23926
-3.926 -0.610865 2.02152
-3.926 -0.436332 1.78186
-3.926 -0.261799 1.36365
-3.926 -0.0872666 1.72551
-4.102 0.0872664 0.856831
-4.102 0.261799 0.563695
-4.102 0.436332 0.909765
-4.102 0.610865 1.13802
-4.102 0.785398 2.4044
-4.102 0.959931 0.965732
-4.102 1.13446 0.725266
-4.102 1.309 0.56161
-4.102 1.48353 2.29506
-4.102 1.65806 1.90358
-4.102 1.8326 1.0723
-4.102 2.00713 1.32165
-4.102 2.18166 0.730699
-4.102 2.35619 0.63122
-4.102 2.53073 1.49543
-4.102 2.70526 1.19308
-4.102 2.87979 1.75179
-4.102 3.05433 1.28912
-4.102 -3.05433 1.42583
-4.102 -2.87979 0.945789
-4.102 -2.70526 1.77351
-4.102 -2.53073 0.832471
-4.102 -2.35619 0.932234
-4.102 -2.18166 1.09516
-4.102 -2.00713 1.08422
-4.102 -1.8326 1.06673
-4.102 -1.65806 1.22398
-4.102 -1.48353 0.295823
-4.102 -1.309 1.57029
-4.102 -1.13446 0.735667
-4.102 -0.959931 1.83007
-4.102 -0.785398 1.44705
-4.102 -0.610865 4.37549
-4.102 -0.436332 2.55138
-4.102 -0.261799 0.823539
-4.102 -0.0872666 1.17324
-4.277 0.0872664 2.27934
-4.277 0.261799 0.997403
-4.277 0.436332 0.769941
-4.277 0.610865 0.919052
-4.277 0.785398 0.829068
-4.277 0.959931 2.20114
-4.277 1.13446 1.2451
-4.277 1.309 2.08982
-4.277 1.48353 1.56065
-4.277 1.65806 1.11355
-4.277 1.8326 1.24945
-4.277 2.00713 1.74679
-4.277 2.18166 1.8835
-4.277 2.35619 1.01531
-4.277 2.53073 0.910387
-4.277 2.70526 0.763307
-4.277 2.87979 2.21868
-4.277 3.05433 3.11915
-4.277 -3.05433 0.716544
-4.277 -2.87979 1.59232
-4.277 -2.70526 1.4678
-4.277 -2.53073 0.937041
-4.277 -2.35619 0.803643
-4.277 -2.18166 0.508337
-4.277 -2.00713 0.406027
-4.277 -1.8326 1.18015
-4.277 -1.65806 0.688276
-4.277 -1.48353 1.89297
-4.277 -1.309 0.724574
-4.277 -1.13446 0.465507
-4.277 -0.959931 0.900457
-4.277 -0.785398 1.90116
-4.277 -0.610865 1.16658
-4.277 -0.436332 1.57669
-4.277 -0.261799 0.682863
-4.277 -0.0872665 1.70134
-4.4505 0.0872664 1.60371
-4.4505 0.261799 0.699593
-4.4505 0.436332 1.12432
-4.4505 0.610865 0.929157
-4.4505 0.785398 1.04653
-4.4505 0.959931 1.59368
-4.4505 1.13446 3.49281
-4.4505 1.309 0.656325
-4.4505 1.48353 1.94794
-4.4505 1.65806 1.50229
-4.4505 1.8326 0.907016
-4.4505 2.00713 1.05926
-4.4505 2.18166 1.05328
-4.4505 2.35619 0.811349
-4.4505 2.53073 1.14104
-4.4505 2.70526 1.60648
-4.4505 2.87979 1.44088
-4.4505 3.05433 1.08002
-4.4505 -3.05433 3.20618
-4.4505 -2.87979 1.00736
-4.4505 -2.70526 0.739621
-4.4505 -2.53073 1.21241
-4.4505 -2.35619 0.824446
-4.4505 -2.18166 1.24218
-4.4505 -2.00713 1.04781
-4.4505 -1.8326 1.31256
-4.4505 -1.65806 0.402568
-4.4505 -1.48353 0.789322
-4.4505 -1.309 0.419928
-4.4505 -1.13446 0.183221
-4.4505 -0.959931 0.88741
-4.4505 -0.785398 1.01779
-4.4505 -0.610865 2.29402
-4.4505 -0.436332 1.35077
-4.4505 -0.261799 1.25877
-4.4505 -0.0872667 1.26774
-4.627 0.0872665 0.234247
-4.627 0.261799 0.188487
-4.627 0.436332 0.77045
-4.627 0.610865 0.430448
-4.627 0.785398 0.400431
-4.627 0.959931 2.09043
-4.627 1.13446 2.25927
-4.627 1.309 0.37266
-4.627 1.48353 0.744774
-4.627 1.65806 1.51064
-4.627 1.8326 1.49271
-4.627 2.00713 0.5415
-4.627 2.18166 0.596805
-4.627 2.35619 0.598982
-4.627 2.53073 1.06739
-4.627 2.70526 1.32845
-4.627 2.87979 1.02381
-4.627 3.05433 0.568917
-4.627 -3.05433 0.853618
-4.627 -2.87979 0.552675
-4.627 -2.70526 0.396889
-4.627 -2.53073 0.267368
-4.627 -2.35619 0.795651
-4.627 -2.18166 0.599559
-4.627 -2.00713 0.484917
-4.627 -1.8326 0.550536
-4.627 -1.65806 0.803078
-4.627 -1.48353 0.470298
-4.627 -1.309 0.899909
-4.627 -1.13446 0.302554
-4.627 -0.959931 0.974789
-4.627 -0.785398 0.252995
-4.627 -0.610865 0.769589
-4.627 -0.436332 0.521667
-4.627 -0.261799 1.16316
-4.627 -0.0872665 0.734464
-4.8025 0.349066 2.8666
-4.8025 0.698132 1.36524
-4.8025 1.0472 1.3521
-4.8025 1.39626 1.93204
-4.8025 1.74533 1.70379
-4.8025 2.0944 0.842565
-4.8025 2.44346 1.51332
-4.8025 2.79253 1.39859
-4.8025 -3.14159 1.02624
-4.8025 -2.79253 0.979926
-4.8025 -2.44346 0.747469
-4.8025 -2.09439 0.743766
-4.8025 -1.74533 1.81809
-4.8025 -1.39626 0.96749
-4.8025 -1.0472 0.803679
-4.8025 -0.698132 0.249558
-4.8025 -0.349066 1.64386
-4.8025 6.8756e-08 1.10537
-5.03999 0.349067 1.11881
-5.03999 0.698132 1.73094
-5.03999 1.0472 2.42767
-5.03999 1.39626 2.64679
-5.03999 1.74533 1.18948
-5.03999 2.0944 2.27433
-5.03999 2.44346 1.83611
-5.03999 2.79253 1.68183
-5.03999 -3.14159 1.39518
-5.03999 -2.79253 1.77499
-5.03999 -2.44346 2.21075
-5.03999 -2.09439 1.39737
-5.03999 -1.74533 2.02045
-5.03999 -1.39626 1.11923
-5.03999 -1.0472 2.11222
-5.03999 -0.698131 1.76976
-5.03999 -0.349065 1.61446
-5.04001 -7.49932e-07 1.40905
3.0515 0.261799 0.0891575
3.0515 0.436332 0.578308
3.0515 0.610865 1.42586
3.0515 0.785398 2.67145
3.0515 0.959931 0.864276
3.0515 1.13446 0.159816
3.0515 1.309 1.26814
3.0515 1.48353 0.3937
3.0515 1.65806 0.92444
3.0515 1.8326 1.6167
3.0515 2.00713 0.458061
3.0515 2.18166 0.113072
3.0515 2.53073 0.261297
3.0515 2.70526 1.51226
3.0515 3.05433 2.69681
3.0515 -3.05433 2.15172
3.0515 -2.87979 1.21549
3.0515 -2.70526 1.45325
3.0515 -2.53073 1.99853
3.0515 -2.35619 0.0912292
3.0515 -2.18166 0.163913
3.0515 -2.00713 0.634241
3.0515 -1.8326 1.69241
3.0515 -1.48353 1.28295
3.0515 -1.309 0.33213
3.0515 -1.13446 6.63657
3.0515 -0.959931 1.08191
3.0515 -0.785398 0.445868
3.0515 -0.610865 1.1579
3.0515 -0.436332 0.648505
3.0515 -0.261799 1.12752
3.2265 0.0872665 0.15591
3.2265 0.261799 1.56524
3.2265 0.436332 0.981054
3.2265 0.610865 0.371705
3.2265 0.785398 0.971707
3.2265 0.959931 2.08218
3.2265 1.13446 1.94465
3.2265 1.309 1.24565
3.2265 1.48353 5.44326
3.2265 1.65806 0.546281
3.2265 1.8326 0.831385
3.2265 2.00713 1.28776
3.2265 2.18166 0.400353
3.2265 2.35619 0.535445
3.2265 2.53073 1.4647
3.2265 2.70526 3.5626
3.2265 2.87979 3.17629
3.2265 3.05433 3.81514
3.2265 -3.05433 0.730858
3.2265 -2.87979 0.515217
3.2265 -2.70526 4.99603
3.2265 -2.53073 1.85008
3.2265 -2.35619 0.332199
3.2265 -2.00713 2.24719
3.2265 -1.8326 1.24414
3.2265 -1.65806 3.94072
3.2265 -1.48353 0.418529
3.2265 -1.309 0.883098
3.2265 -1.13446 0.945445
3.2265 -0.959931 1.58633
3.2265 -0.785398 1.70712
3.2265 -0.610865 1.81741
3.2265 -0.436332 0.771788
3.2265 -0.261799 4.14417
3.2265 -0.0872665 1.4593
3.4015 0.0872665 2.51013
3.4015 0.261799 0.644698
3.4015 0.436332 0.506387
3.4015 0.610865 0.343128
3.4015 0.785398 1.44307
3.4015 0.959931 0.585833
3.4015 1.13446 0.809029
3.4015 1.309 1.83492
3.4015 1.48353 2.60878
3.4015 1.65806 1.28648
3.4015 1.8326 0.71278
3.4015 2.00713 1.49162
3.4015 2.18166 0.609163
3.4015 2.35619 2.91342
3.4015 2.53073 1.53835
3.4015 2.70526 1.71168
3.4015 2.87979 2.53651
3.4015 3.05433 2.36692
3.4015 -3.05433 1.22786
3.4015 -2.87979 0.674454
3.4015 -2.70526 2.72049
3.4015 -2.53073 2.58433
3.4015 -2.35619 1.73592
3.4015 -2.18166 2.01058
3.4015 -2.00713 2.1243
3.4015 -1.8326 2.92726
3.4015 -1.65806 0.968244
3.4015 -1.48353 1.01956
3.4015 -1.309 1.31751
3.4015 -1.13446 2.27876
3.4015 -0.959931 1.82182
3.4015 -0.785398 0.805346
3.4015 -0.610865 2.08015
3.4015 -0.436332 2.45101
3.4015 -0.261799 1.9293
3.4015 -0.0872665 1.30171
3.5765 0.0872665 1.1171
3.5765 0.261799 0.809387
3.5765 0.436332 0.504319
3.5765 0.610865 1.71886
3.5765 0.785398 0.706298
3.5765 0.959931 0.147176
3.5765 1.13446 1.17778
3.5765 1.309 0.156326
3.5765 1.48353 1.36794
3.5765 1.65806 1.98022
3.5765 1.8326 2.28831
3.5765 2.00713 2.13629
3.5765 2.18166 0.0919838
3.5765 2.35619 0.52274
3.5765 2.53073 3.63014
3.5765 2.70526 1.92914
3.5765 2.87979 2.11666
3.5765 3.05433 1.74843
3.5765 -3.05433 2.10043
3.5765 -2.87979 3.65762
3.5765 -2.70526 1.12574
3.5765 -2.53073 1.45491
3.5765 -2.35619 1.09545
3.5765 -2.18166 1.49898
3.5765 -2.00713 1.53433
3.5765 -1.8326 1.21868
3.5765 -1.65806 3.11305
3.5765 -1.48353 1.04359
3.5765 -1.309 1.32036
3.5765 -1.13446 2.67252
3.5765 -0.959931 3.4157
3.5765 -0.785398 1.43315
3.5765 -0.610865 1.48535
3.5765 -0.436332 2.38112
3.5765 -0.261799 2.66899
3.5765 -0.0872665 1.94989
3.7515 0.0872665 2.87666
3.7515 0.261799 1.30821
3.7515 0.436332 0.251456
3.7515 0.610865 0.805225
3.7515 0.785398 1.13758
3.7515 0.959931 0.890717
3.7515 1.13446 2.05378
3.7515 1.309 1.3223
3.7515 1.48353 1.29396
3.7515 1.65806 1.17965
3.7515 1.8326 1.64317
3.7515 2.00713 1.83865
3.7515 2.18166 0.879156
3.7515 2.35619 2.05771
3.7515 2.53073 2.371
3.7515 2.70526 1.36978
3.7515 2.87979 0.275975
3.7515 3.05433 1.5503
3.7515 -3.05433 2.06328
3.7515 -2.87979 0.775592
3.7515 -2.70526 2.95358
3.7515 -2.53073 2.85166
3.7515 -2.35619 0.748531
3.7515 -2.18166 1.37037
3.7515 -2.00713 0.870354
3.7515 -1.8326 0.817118
3.7515 -1.65806 1.56265
3.7515 -1.48353 1.50286
3.7515 -1.309 2.7869
3.7515 -1.13446 1.23988
3.7515 -0.959931 0.611062
3.7515 -0.785398 3.28897
3.7515 -0.610865 1.00708
3.7515 -0.436332 2.86967
3.7515 -0.261799 1.04664
3.7515 -0.0872665 3.03202
3.926 0.0872665 0.707638
3.926 0.261799 2.0766
3.926 0.436332 1.38897
3.926 0.610865 0.494254
3.926 0.785398 1.18245
3.926 0.959931 0.337057
3.926 1.13446 0.396702
3.926 1.309 1.22047
3.926 1.48353 0.515934
3.926 1.65806 0.555663
3.926 1.8326 1.52837
3.926 2.00713 1.33032
3.926 2.18166 1.23445
3.926 2.35619 1.04899
3.926 2.53073 2.31374
3.926 2.70526 2.529
3.926 2.87979 4.0273
3.926 3.05433 0.846087
3.926 -3.05433 3.05513
3.926 -2.87979 2.96712
3.926 -2.70526 1.52851
3.926 -2.53073 1.74367
3.926 -2.35619 0.917781
3.926 -2.18166 0.831015
3.926 -2.00713 1.87239
3.926 -1.8326 2.42624
3.926 -1.65806 2.28535
3.926 -1.48353 0.905946
3.926 -1.309 1.34557
3.926 -1.13446 2.21769
3.926 -0.959931 1.21463
3.926 -0.785398 2.8239
3.926 -0.610865 1.9355
3.926 -0.436332 2.82407
3.926 -0.2618 1.55194
3.926 -0.0872664 1.71442
4.102 0.0872665 0.956266
4.102 0.261799 1.24368
4.102 0.436332 0.645865
4.102 0.610865 0.207061
4.102 0.785398 0.202249
4.102 0.959931 1.01523
4.102 1.13446 0.923606
4.102 1.309 1.00168
4.102 1.48353 1.10004
4.102 1.65806 1.36617
4.102 1.8326 1.47632
4.102 2.00713 1.65846
4.102 2.18166 0.9326
4.102 2.35619 2.62687
4.102 2.53073 0.923267
4.102 2.70526 0.863324
4.102 2.87979 1.51519
4.102 3.05433 1.65078
4.102 -3.05433 1.70677
4.102 -2.87979 1.51594
4.102 -2.70526 1.75217
4.102 -2.53073 0.576622
4.102 -2.35619 1.32478
4.102 -2.18166 1.16296
4.102 -2.00713 1.58713
4.102 -1.8326 1.4282
4.102 -1.65806 1.82257
4.102 -1.48353 1.15185
4.102 -1.309 1.56321
4.102 -1.13446 5.41068
4.102 -0.959931 3.01147
4.102 -0.785398 1.18011
4.102 -0.610865 3.52573
4.102 -0.436332 1.88852
4.102 -0.261799 1.62363
4.102 -0.0872664 1.64516
4.277 0.0872665 1.43001
4.277 0.261799 0.655804
4.277 0.436332 1.28103
4.277 0.610865 0.762405
4.277 0.785398 0.79592
4.277 0.959931 1.33893
4.277 1.13446 0.73395
4.277 1.309 0.984825
4.277 1.48353 0.95578
4.277 1.65806 0.497442
4.277 1.8326 0.830673
4.277 2.00713 0.849028
4.277 2.18166 1.642
4.277 2.35619 1.11715
4.277 2.53073 1.70462
4.277 2.70526 0.485364
4.277 2.87979 1.22685
4.277 3.05433 1.65319
4.277 -3.05433 0.586019
4.277 -2.87979 1.46948
4.277 -2.70526 0.828328
4.277 -2.53073 0.311803
4.277 -2.35619 0.546499
4.277 -2.18166 0.742468
4.277 -2.00713 1.31445
4.277 -1.8326 1.00825
4.277 -1.65806 1.45405
4.277 -1.48353 2.33667
4.277 -1.309 1.91021
4.277 -1.13446 1.00593
4.277 -0.959931 2.04086
4.277 -0.785398 1.06729
4.277 -0.610865 0.506731
4.277 -0.436332 0.458707
4.277 -0.261799 0.323774
4.277 -0.0872665 0.95414
4.4505 0.0872664 0.358402
4.4505 0.261799 1.19143
4.4505 0.436332 0.920101
4.4505 0.610865 0.546709
4.4505 0.785398 0.249917
4.4505 0.959931 0.481799
4.4505 1.13446 0.81647
4.4505 1.309 0.884138
4.4505 1.48353 1.51683
4.4505 1.65806 2.35544
4.4505 1.8326 2.06871
4.4505 2.00713 1.58475
4.4505 2.18166 3.56385
4.4505 2.35619 1.83571
4.4505 2.53073 1.70232
4.4505 2.70526 1.28721
4.4505 2.87979 1.03818
4.4505 3.05433 0.602014
4.4505 -3.05433 0.719962
4.4505 -2.87979 1.12011
4.4505 -2.70526 1.20211
4.4505 -2.53073 0.447494
4.4505 -2.35619 0.521257
4.4505 -2.18166 0.448563
4.4505 -2.00713 1.14399
4.4505 -1.8326 0.70157
4.4505 -1.65806 0.32804
4.4505 -1.48353 0.969749
4.4505 -1.309 2.71958
4.4505 -1.13446 2.03707
4.4505 -0.959931 3.29433
4.4505 -0.785398 2.064
4.4505 -0.610865 2.01256
4.4505 -0.436332 0.99826
4.4505 -0.261799 0.869568
4.4505 -0.0872665 0.695408
4.627 0.0872665 0.252664
4.627 0.261799 0.308358
4.627 0.436332 0.634259
4.627 0.610865 0.607964
4.627 0.785398 0.0940979
4.627 0.959931 0.252764
4.627 1.13446 0.465437
4.627 1.309 0.813514
4.627 1.48353 0.592159
4.627 1.65806 1.02216
4.627 1.8326 1.17796
4.627 2.00713 1.00796
4.627 2.18166 1.85081
4.627 2.35619 1.65869
4.627 2.53073 1.63311
4.627 2.70526 0.874086
4.627 2.87979 1.20182
4.627 3.05433 0.624233
4.627 -3.05433 1.00446
4.627 -2.87979 0.353667
4.627 -2.70526 0.616185
4.627 -2.53073 1.58007
4.627 -2.35619 0.476425
4.627 -2.18166 0.678308
4.627 -2.00713 0.780394
4.627 -1.8326 0.817752
4.627 -1.65806 0.92003
4.627 -1.48353 0.613037
4.627 -1.309 0.570416
4.627 -1.13446 0.737502
4.627 -0.959931 0.899065
4.627 -0.785398 1.0037
4.627 -0.610865 1.86558
4.627 -0.436332 0.662682
4.627 -0.261799 0.881424
4.627 -0.0872665 0.683149
4.8025 0.349066 0.754655
4.8025 0.698132 1.33297
4.8025 1.0472 0.924455
4.8025 1.39626 0.933178
4.8025 1.74533 1.29914
4.8025 2.0944 1.98512
4.8025 2.44346 2.36507
4.8025 2.79253 0.88798
4.8025 3.14159 0.61959
4.8025 -2.79253 1.66885
4.8025 -2.44346 1.93563
4.8025 -2.0944 0.778658
4.8025 -1.74533 1.36809
4.8025 -1.39626 2.53785
4.8025 -1.0472 1.47541
4.8025 -0.698132 1.6514
4.8025 -0.349066 1.47247
4.8025 -4.70728e-08 0.926199
5.04 0.349066 1.25727
5.04 0.698132 2.04706
5.04 1.0472 1.65054
5.04 1.39626 1.98559
5.04 1.74533 1.26488
5.04 2.09439 1.9111
5.04 2.44346 2.27203
5.04 2.79253 1.36952
5.04 3.14159 2.85498
5.04 -2.79253 1.66103
5.04 -2.44346 1.51085
5.04 -2.0944 1.93696
5.04 -1.74533 1.42137
5.04 -1.39626 1.57579
5.04 -1.0472 2.34686
5.04 -0.698132 2.12004
5.04 -0.349066 1.64983
5.04 1.30888e-07 1.43215
-3.0515 0.0872664 0.430487
-3.0515 0.610865 0.0692789
-3.0515 0.959931 0.880388
-3.0515 1.309 0.464076
-3.0515 1.48353 2.56532
-3.0515 1.65806 0.442355
-3.0515 1.8326 0.0850829
-3.0515 2.00713 1.35636
-3.0515 2.18166 0.191932
-3.0515 2.53073 0.149528
-3.0515 2.70526 1.17695
-3.0515 2.87979 3.94578
-3.0515 3.05433 0.0895853
-3.0515 -3.05433 0.914057
-3.0515 -2.87979 1.41506
-3.0515 -2.18166 0.169984
-3.0515 -2.00713 0.317951
-3.0515 -1.8326 0.326133
-3.0515 -1.65806 1.14251
-3.0515 -1.309 0.287431
-3.0515 -1.13446 0.19726
-3.0515 -0.959931 0.753911
-3.0515 -0.785398 0.386329
-3.0515 -0.436332 0.60681
-3.0515 -0.261799 6.98909
-3.0515 -0.0872664 1.5837
-3.2265 0.0872664 1.11594
-3.2265 0.261799 2.57763
-3.2265 0.436332 1.00718
-3.2265 0.610865 1.34355
-3.2265 0.785398 0.225734
-3.2265 1.13446 0.216909
-3.2265 1.309 1.68855
-3.2265 1.48353 2.94243
-3.2265 1.65806 1.43747
-3.2265 1.8326 0.597187
-3.2265 2.00713 0.794748
-3.2265 2.18166 0.167782
-3.2265 2.35619 0.33863
-3.2265 2.53073 1.02795
-3.2265 2.70526 1.04998
-3.2265 2.87979 0.43638
-3.2265 3.05433 0.468671
-3.2265 -3.05433 0.607202
-3.2265 -2.87979 0.50662
-3.2265 -2.70526 2.68686
-3.2265 -2.53073 0.381916
-3.2265 -2.35619 0.737132
-3.2265 -2.18166 1.16712
-3.2265 -1.8326 1.62337
-3.2265 -1.65806 0.946621
-3.2265 -1.48353 0.0973357
-3.2265 -1.13446 1.71825
-3.2265 -0.959931 0.543023
-3.2265 -0.785398 1.3176
-3.2265 -0.436332 2.80019
-3.2265 -0.261799 1.52465
-3.2265 -0.0872663 4.18551
-3.4015 0.0872666 1.26204
-3.4015 0.261799 1.1505
-3.4015 0.436332 0.798157
-3.4015 0.610865 1.18549
-3.4015 0.785398 0.518441
-3.4015 0.959931 0.575607
-3.4015 1.13446 1.40624
-3.4015 1.309 2.24609
-3.4015 1.48353 1.61269
-3.4015 1.65806 0.373365
-3.4015 1.8326 0.0926773
-3.4015 2.00713 2.45601
-3.4015 2.18166 1.08102
-3.4015 2.35619 0.882384
-3.4015 2.53073 1.55438
-3.4015 2.70526 0.437057
-3.4015 2.87979 1.53006
-3.4015 -3.05433 0.544244
-3.4015 -2.87979 2.78138
-3.4015 -2.70526 0.884698
-3.4015 -2.53073 0.572536
-3.4015 -2.35619 0.850874
-3.4015 -2.18166 2.10891
-3.4015 -2.00713 0.723875
-3.4015 -1.8326 0.29961
-3.4015 -1.65806 1.0613
-3.4015 -1.48353 0.289563
-3.4015 -1.309 0.152004
-3.4015 -1.13446 1.04192
-3.4015 -0.959931 0.855912
-3.4015 -0.785398 1.52389
-3.4015 -0.610865 1.59997
-3.4015 -0.436332 1.5661
-3.4015 -0.261799 1.36903
-3.4015 -0.0872664 1.57856
-3.5765 0.0872664 0.488558
-3.5765 0.261799 2.36616
-3.5765 0.436332 1.74448
-3.5765 0.610865 0.735209
-3.5765 0.785398 0.447622
-3.5765 0.959931 0.061239
-3.5765 1.13446 0.369947
-3.5765 1.309 1.53319
-3.5765 1.48353 1.37788
-3.5765 1.65806 0.631807
-3.5765 1.8326 1.28883
-3.5765 2.00713 1.78435
-3.5765 2.18166 0.9155
-3.5765 2.35619 0.56564
-3.5765 2.53073 0.679903
-3.5765 2.70526 2.18603
-3.5765 2.87979 1.42785
-3.5765 3.05433 1.32163
-3.5765 -3.05433 3.12788
-3.5765 -2.87979 1.21341
-3.5765 -2.70526 0.482167
-3.5765 -2.53073 1.42331
-3.5765 -2.35619 0.732368
-3.5765 -2.18166 0.725395
-3.5765 -2.00713 2.06544
-3.5765 -1.8326 1.73956
-3.5765 -1.65806 1.64197
-3.5765 -1.48353 0.848718
-3.5765 -1.309 1.04822
-3.5765 -1.13446 1.23008
-3.5765 -0.959931 1.23091
-3.5765 -0.785398 0.250065
-3.5765 -0.610865 2.53337
-3.5765 -0.436332 1.58145
-3.5765 -0.261799 0.387452
-3.5765 -0.0872666 2.08404
-3.7515 0.0872664 1.45277
-3.7515 0.261799 0.825517
-3.7515 0.436332 1.36638
-3.7515 0.610865 0.681121
-3.7515 0.785398 0.867653
-3.7515 0.959931 0.0451521
-3.7515 1.13446 0.430494
-3.7515 1.309 0.473007
-3.7515 1.48353 0.835745
-3.7515 1.65806 0.592554
-3.7515 1.8326 1.22022
-3.7515 2.00713 1.1134
-3.7515 2.18166 0.312893
-3.7515 2.35619 1.68665
-3.7515 2.53073 2.02653
-3.7515 2.70526 0.849206
-3.7515 2.87979 0.89481
-3.7515 3.05433 0.641869
-3.7515 -3.05433 0.969414
-3.7515 -2.87979 0.536775
-3.7515 -2.70526 0.989129
-3.7515 -2.53073 1.25796
-3.7515 -2.35619 3.0399
-3.7515 -2.18166 1.57698
-3.7515 -2.00713 0.74111
-3.7515 -1.8326 0.758013
-3.7515 -1.65806 1.34403
-3.7515 -1.48353 1.05335
-3.7515 -1.309 0.455659
-3.7515 -1.13446 0.265875
-3.7515 -0.959931 2.85308
-3.7515 -0.785398 0.198491
-3.7515 -0.610865 2.11706
-3.7515 -0.436332 1.48088
-3.7515 -0.261799 0.758758
-3.7515 -0.0872664 1.29818
-3.926 0.0872663 0.845048
-3.926 0.2618 0.416941
-3.926 0.436332 0.69189
-3.926 0.610865 0.250135
-3.926 0.785398 0.64359
-3.926 0.959931 0.567839
-3.926 1.13446 0.37954
-3.926 1.309 0.553059
-3.926 1.48353 1.42197
-3.926 1.65806 0.222993
-3.926 1.8326 0.942716
-3.926 2.00713 1.7418
-3.926 2.18166 0.823761
-3.926 2.35619 1.27776
-3.926 2.53073 0.871813
-3.926 2.70526 0.346243
-3.926 2.87979 0.508958
-3.926 3.05433 0.504965
-3.926 -3.05433 0.579406
-3.926 -2.87979 1.37123
-3.926 -2.70526 0.311596
-3.926 -2.53073 0.589682
-3.926 -2.35619 1.57026
-3.926 -2.18166 2.45111
-3.926 -2.00713 2.0868
-3.926 -1.8326 1.36838
-3.926 -1.65806 2.51301
-3.926 -1.48353 0.445534
-3.926 -1.309 0.348073
-3.926 -1.13446 0.89905
-3.926 -0.959931 2.21101
-3.926 -0.785398 0.971765
-3.926 -0.610865 0.731308
-3.926 -0.436332 1.27068
-3.926 -0.261799 2.48419
-3.926 -0.0872666 1.48508
-4.102 0.0872664 0.589957
-4.102 0.261799 0.758388
-4.102 0.436332 0.231183
-4.102 0.610865 1.17494
-4.102 0.785398 1.08325
-4.102 0.959931 0.287485
-4.102 1.13446 1.17904
-4.102 1.309 1.6464
-4.102 1.48353 1.44186
-4.102 1.65806 0.824093
-4.102 1.8326 0.584218
-4.102 2.00713 0.506866
-4.102 2.18166 2.5067
-4.102 2.35619 2.20671
-4.102 2.53073 1.40644
-4.102 2.70526 1.91159
-4.102 2.87979 0.74121
-4.102 3.05433 0.822216
-4.102 -3.05433 0.808836
-4.102 -2.87979 1.14488
-4.102 -2.70526 0.871314
-4.102 -2.53073 1.54533
-4.102 -2.35619 2.57558
-4.102 -2.18166 0.839829
-4.102 -2.00713 2.37516
-4.102 -1.8326 1.42273
-4.102 -1.65806 0.609563
-4.102 -1.48353 0.129062
-4.102 -1.309 0.493229
-4.102 -1.13446 0.801161
-4.102 -0.959931 1.66154
-4.102 -0.785398 1.09202
-4.102 -0.610865 1.79396
-4.102 -0.436332 2.10405
-4.102 -0.261799 0.826692
-4.102 -0.0872666 0.872513
-4.277 0.0872664 0.736658
-4.277 0.261799 0.598948
-4.277 0.436332 0.14207
-4.277 0.610865 0.406027
-4.277 0.785398 1.10096
-4.277 0.959931 0.251084
-4.277 1.13446 0.958869
-4.277 1.309 0.952496
-4.277 1.48353 0.948594
-4.277 1.65806 0.817225
-4.277 1.8326 0.705308
-4.277 2.00713 0.990263
-4.277 2.18166 1.07523
-4.277 2.35619 0.450781
-4.277 2.53073 1.89724
-4.277 2.70526 1.53432
-4.277 2.87979 0.689668
-4.277 3.05433 1.10994
-4.277 -3.05433 0.987045
-4.277 -2.87979 0.464312
-4.277 -2.70526 0.219163
-4.277 -2.53073 0.572214
-4.277 -2.35619 1.07663
-4.277 -2.18166 0.292127
-4.277 -2.00713 1.27863
-4.277 -1.8326 0.205128
-4.277 -1.65806 0.941257
-4.277 -1.48353 0.980761
-4.277 -1.309 0.580771
-4.277 -1.13446 1.59386
-4.277 -0.959931 0.345378
-4.277 -0.785398 0.96213
-4.277 -0.610865 1.31098
-4.277 -0.436332 0.75787
-4.277 -0.261799 0.345768
-4.277 -0.0872665 0.565803
-4.4505 0.0872663 0.531205
-4.4505 0.261799 0.897733
-4.4505 0.436332 0.702078
-4.4505 0.610865 0.299362
-4.4505 0.785398 0.12602
-4.4505 0.959931 0.240936
-4.4505 1.13446 0.109011
-4.4505 1.309 1.38568
-4.4505 1.48353 0.244526
-4.4505 1.65806 0.978854
-4.4505 1.8326 1.13476
-4.4505 2.00713 0.791469
-4.4505 2.18166 1.31157
-4.4505 2.35619 0.765408
-4.4505 2.53073 1.212
-4.4505 2.70526 1.52327
-4.4505 2.87979 2.95452
-4.4505 3.05433 2.15056
-4.4505 -3.05433 0.884919
-4.4505 -2.87979 0.590507
-4.4505 -2.70526 0.982027
-4.4505 -2.53073 0.52953
-4.4505 -2.35619 0.605387
-4.4505 -2.18166 0.733809
-4.4505 -2.00713 0.729456
-4.4505 -1.8326 0.560904
-4.4505 -1.65806 0.448912
-4.4505 -1.48353 0.276339
-4.4505 -1.309 0.992912
-4.4505 -1.13446 0.614514
-4.4505 -0.959931 0.0721536
-4.4505 -0.785398 0.327628
-4.4505 -0.610865 0.838915
-4.4505 -0.436332 0.179442
-4.4505 -0.261799 0.837799
-4.4505 -0.0872667 1.62862
-4.627 0.0872665 0.240939
-4.627 0.261799 0.421901
-4.627 0.436332 0.255133
-4.627 0.610865 0.235047
-4.627 0.785398 0.455287
-4.627 0.959931 0.357447
-4.627 1.13446 0.37061
-4.627 1.309 0.325383
-4.627 1.48353 0.927071
-4.627 1.65806 0.44792
-4.627 1.8326 0.448187
-4.627 2.00713 0.524236
-4.627 2.18166 0.709459
-4.627 2.35619 0.279101
-4.627 2.53073 0.472483
-4.627 2.70526 1.08304
-4.627 2.87979 1.13982
-4.627 3.05433 1.05169
-4.627 -3.05433 0.490364
-4.627 -2.87979 0.211755
-4.627 -2.70526 0.118675
-4.627 -2.53073 0.53472
-4.627 -2.35619 0.255141
-4.627 -2.18166 0.290679
-4.627 -2.00713 1.05863
-4.627 -1.8326 0.208303
-4.627 -1.65806 0.561444
-4.627 -1.48353 0.567283
-4.627 -1.309 0.718927
-4.627 -1.13446 0.337195
-4.627 -0.959931 0.115457
-4.627 -0.785398 0.280888
-4.627 -0.610865 0.546958
-4.627 -0.436332 0.294466
-4.627 -0.261799 0.523176
-4.627 -0.0872665 0.859873
-4.8025 0.349066 0.527483
-4.8025 0.698132 0.221749
-4.8025 1.0472 0.273779
-4.8025 1.39626 1.28697
-4.8025 1.74533 0.898192
-4.8025 2.0944 0.886745
-4.8025 2.44346 0.890361
-4.8025 2.79253 0.694849
-4.8025 -3.14159 1.7693
-4.8025 -2.79253 0.228849
-4.8025 -2.44346 0.508795
-4.8025 -2.09439 0.607431
-4.8025 -1.74533 0.673197
-4.8025 -1.39626 0.625211
-4.8025 -1.0472 0.286093
-4.8025 -0.698132 0.793667
-4.8025 -0.349066 0.365532
-4.8025 6.8756e-08 0.964249
-5.03999 0.349067 0.481062
-5.03999 0.698132 0.687968
-5.03999 1.0472 1.13056
-5.03999 1.39626 1.69554
-5.03999 1.74533 3.04217
-5.03999 2.0944 2.56312
-5.03999 2.44346 1.41851
-5.03999 2.79253 3.21735
-5.03999 -3.14159 1.07359
-5.03999 -2.79253 1.62623
-5.03999 -2.44346 1.51207
-5.03999 -2.09439 1.60577
-5.03999 -1.74533 1.41092
-5.03999 -1.39626 1.15121
-5.03999 -1.0472 1.25546
-5.03999 -0.698131 1.15258
-5.03999 -0.349065 1.10773
-5.04001 -7.49932e-07 0.683432
3.0515 0.0872665 1.92472
3.0515 0.261799 0.0979548
3.0515 0.436332 0.282747
3.0515 0.610865 0.779036
3.0515 0.785398 0.338423
3.0515 0.959931 1.18507
3.0515 1.13446 0.119745
3.0515 1.309 0.124592
3.0515 1.65806 0.344623
3.0515 1.8326 0.311272
3.0515 2.18166 2.66515
3.0515 2.87979 0.108563
3.0515 3.05433 0.911554
3.0515 -3.05433 1.12755
3.0515 -2.87979 0.467235
3.0515 -2.70526 0.230286
3.0515 -2.53073 0.912017
3.0515 -2.35619 1.58907
3.0515 -2.18166 0.208563
3.0515 -2.00713 2.24082
3.0515 -1.8326 0.473039
3.0515 -1.65806 0.242541
3.0515 -1.309 0.340361
3.0515 -1.13446 1.13294
3.0515 -0.959931 0.490568
3.0515 -0.785398 1.2292
3.0515 -0.610865 0.34547
3.0515 -0.436332 0.0871643
3.0515 -0.0872665 0.227562
3.2265 0.0872665 2.83159
3.2265 0.261799 0.901484
3.2265 0.436332 0.269509
3.2265 0.610865 2.75581
3.2265 0.785398 1.78937
3.2265 0.959931 0.612791
3.2265 1.13446 0.518775
3.2265 1.309 0.273946
3.2265 1.48353 0.196536
3.2265 1.65806 0.876384
3.2265 1.8326 0.39394
3.2265 2.00713 0.362258
3.2265 2.18166 2.16016
3.2265 2.35619 0.324561
3.2265 2.53073 0.311891
3.2265 2.70526 1.9253
3.2265 2.87979 0.707339
3.2265 3.05433 3.10484
3.2265 -3.05433 1.07866
3.2265 -2.87979 0.967036
3.2265 -2.70526 0.215154
3.2265 -2.53073 1.07075
3.2265 -2.35619 1.8388
3.2265 -2.18166 0.351238
3.2265 -2.00713 0.660014
3.2265 -1.65806 0.173485
3.2265 -1.48353 0.664959
3.2265 -1.309 0.524335
3.2265 -1.13446 1.41968
3.2265 -0.959931 0.689977
3.2265 -0.785398 1.76681
3.2265 -0.610865 0.567799
3.2265 -0.436332 1.31592
3.2265 -0.261799 1.11456
3.4015 0.0872665 0.447885
3.4015 0.261799 0.556882
3.4015 1.13446 2.24682
3.4015 1.309 1.68113
3.4015 1.48353 0.854615
3.4015 1.65806 0.711935
3.4015 1.8326 0.362705
3.4015 2.00713 1.56728
3.4015 2.18166 1.39529
3.4015 2.53073 0.319583
3.4015 2.70526 0.284874
3.4015 2.87979 0.619761
3.4015 3.05433 0.239308
3.4015 -3.05433 0.688337
3.4015 -2.87979 1.53307
3.4015 -2.70526 1.0089
3.4015 -2.53073 0.807661
3.4015 -2.35619 1.31312
3.4015 -2.18166 0.878186
3.4015 -2.00713 0.774982
3.4015 -1.8326 0.877623
3.4015 -1.65806 0.266235
3.4015 -1.48353 0.55104
3.4015 -1.309 0.516306
3.4015 -1.13446 0.432641
3.4015 -0.959931 1.76107
3.4015 -0.610865 0.521303
3.4015 -0.436332 0.778785
3.4015 -0.261799 1.71477
3.4015 -0.0872665 0.976293
3.5765 0.0872665 0.0961992
3.5765 0.436332 0.445291
3.5765 0.610865 0.269524
3.5765 0.785398 0.873603
3.5765 0.959931 1.49328
3.5765 1.13446 1.92462
3.5765 1.309 3.87704
3.5765 1.48353 0.633783
3.5765 1.65806 0.971282
3.5765 1.8326 0.728114
3.5765 2.00713 2.69479
3.5765 2.18166 1.45286
3.5765 2.35619 0.343521
3.5765 2.53073 2.76042
3.5765 2.70526 1.47541
3.5765 2.87979 0.572782
3.5765 3.05433 0.560649
3.5765 -3.05433 2.3177
3.5765 -2.87979 0.0848662
3.5765 -2.70526 0.0321191
3.5765 -2.53073 1.56886
3.5765 -2.35619 0.562988
3.5765 -2.18166 2.86739
3.5765 -2.00713 2.05798
3.5765 -1.8326 0.403518
3.5765 -1.65806 1.02608
3.5765 -1.48353 0.663812
3.5765 -1.13446 0.192321
3.5765 -0.959931 1.57113
3.5765 -0.785398 0.340621
3.5765 -0.436332 0.312957
3.5765 -0.261799 0.465669
3.5765 -0.0872665 0.638821
3.7515 0.0872665 1.4861
3.7515 0.261799 1.32816
3.7515 0.436332 0.686901
3.7515 0.610865 0.879662
3.7515 0.785398 0.545942
3.7515 0.959931 1.97154
3.7515 1.13446 1.11364
3.7515 1.309 2.14495
3.7515 1.48353 1.21013
3.7515 1.65806 0.888642
3.7515 1.8326 0.617684
3.7515 2.00713 1.20457
3.7515 2.18166 2.05192
3.7515 2.35619 0.541435
3.7515 2.53073 0.360028
3.7515 2.70526 1.81032
3.7515 2.87979 1.18114
3.7515 3.05433 0.650171
3.7515 -3.05433 0.51819
3.7515 -2.87979 1.00855
3.7515 -2.70526 1.47411
3.7515 -2.53073 0.242199
3.7515 -2.35619 3.55502
3.7515 -2.18166 0.589942
3.7515 -2.00713 1.12812
3.7515 -1.8326 1.3084
3.7515 -1.65806 0.627694
3.7515 -1.48353 0.720645
3.7515 -1.309 0.6342
3.7515 -1.13446 0.238939
3.7515 -0.959931 1.28987
3.7515 -0.785398 0.321203
3.7515 -0.610865 0.338141
3.7515 -0.436332 0.28684
3.7515 -0.261799 1.23269
3.7515 -0.0872665 0.341118
3.926 0.0872665 1.54958
3.926 0.261799 1.02484
3.926 0.436332 1.1719
3.926 0.610865 1.30169
3.926 0.785398 0.101546
3.926 0.959931 1.09703
3.926 1.13446 1.01173
3.926 1.309 0.755837
3.926 1.48353 0.475287
3.926 1.65806 1.58043
3.926 1.8326 1.76079
3.926 2.00713 0.758421
3.926 2.18166 1.10548
3.926 2.35619 0.177936
3.926 2.53073 1.10796
3.926 2.70526 1.13006
3.926 2.87979 0.946291
3.926 3.05433 0.605611
3.926 -3.05433 1.63608
3.926 -2.87979 1.40545
3.926 -2.70526 0.299054
3.926 -2.53073 0.818749
3.926 -2.35619 0.586249
3.926 -2.18166 1.16495
3.926 -2.00713 0.865801
3.926 -1.8326 0.295733
3.926 -1.65806 0.228656
3.926 -1.48353 0.605701
3.926 -1.309 0.490984
3.926 -1.13446 0.671386
3.926 -0.959931 0.915896
3.926 -0.785398 0.701081
3.926 -0.610865 1.05208
3.926 -0.436332 1.00437
3.926 -0.2618 1.34503
3.926 -0.0872664 0.202803
4.102 0.0872665 0.685045
4.102 0.261799 0.712813
4.102 0.436332 0.679261
4.102 0.610865 1.28679
4.102 0.785398 1.46213
4.102 0.959931 1.69101
4.102 1.13446 1.215
4.102 1.309 0.587334
4.102 1.48353 0.535873
4.102 1.65806 0.852482
4.102 1.8326 1.85428
4.102 2.00713 1.19303
4.102 2.18166 1.42646
4.102 2.35619 0.621515
4.102 2.53073 0.261142
4.102 2.70526 0.408343
4.102 2.87979 0.110079
4.102 3.05433 0.675597
4.102 -3.05433 0.131216
4.102 -2.87979 0.159081
4.102 -2.70526 0.553011
4.102 -2.53073 1.25992
4.102 -2.35619 1.60945
4.102 -2.18166 1.19063
4.102 -2.00713 0.845307
4.102 -1.8326 0.220674
4.102 -1.65806 0.303816
4.102 -1.48353 0.640244
4.102 -1.309 0.688547
4.102 -1.13446 1.46385
4.102 -0.959931 0.756499
4.102 -0.785398 0.470068
4.102 -0.610865 0.412091
4.102 -0.436332 0.215634
4.102 -0.261799 0.515923
4.102 -0.0872664 3.11395
4.277 0.0872665 0.530215
4.277 0.261799 0.311715
4.277 0.436332 0.761469
4.277 0.610865 0.810594
4.277 0.785398 0.959819
4.277 0.959931 0.401165
4.277 1.13446 1.38454
4.277 1.309 0.507708
4.277 1.48353 0.884643
4.277 1.65806 0.492272
4.277 1.8326 0.65358
4.277 2.00713 0.269862
4.277 2.18166 0.585523
4.277 2.35619 0.347888
4.277 2.53073 0.156054
4.277 2.70526 0.630873
4.277 2.87979 0.691264
4.277 3.05433 0.481167
4.277 -3.05433 0.429357
4.277 -2.87979 0.619084
4.277 -2.70526 1.15559
4.277 -2.53073 2.11255
4.277 -2.35619 0.436747
4.277 -2.18166 0.501102
4.277 -2.00713 0.179579
4.277 -1.8326 0.543112
4.277 -1.65806 0.505583
4.277 -1.48353 0.664127
4.277 -1.309 0.988949
4.277 -1.13446 1.01972
4.277 -0.959931 0.679096
4.277 -0.785398 0.462838
4.277 -0.610865 0.19101
4.277 -0.436332 0.194697
4.277 -0.261799 0.992782
4.277 -0.0872665 1.09291
4.4505 0.0872664 0.593812
4.4505 0.261799 0.800721
4.4505 0.436332 1.08134
4.4505 0.610865 0.581454
4.4505 0.785398 0.189994
4.4505 0.959931 1.04769
4.4505 1.13446 0.938667
4.4505 1.309 0.850397
4.4505 1.48353 1.26472
4.4505 1.65806 0.954272
4.4505 1.8326 0.484985
4.4505 2.00713 0.278117
4.4505 2.18166 0.758435
4.4505 2.35619 0.233087
4.4505 2.53073 0.108598
4.4505 2.70526 0.341683
4.4505 2.87979 0.269947
4.4505 3.05433 0.931656
4.4505 -3.05433 0.667389
4.4505 -2.87979 1.16408
4.4505 -2.70526 0.469738
4.4505 -2.53073 1.17229
4.4505 -2.35619 0.522101
4.4505 -2.18166 0.500157
4.4505 -2.00713 0.286344
4.4505 -1.8326 0.638189
4.4505 -1.65806 0.160975
4.4505 -1.48353 0.886622
4.4505 -1.309 0.43126
4.4505 -1.13446 0.10602
4.4505 -0.959931 0.665639
4.4505 -0.785398 1.23031
4.4505 -0.610865 0.504857
4.4505 -0.436332 0.469417
4.4505 -0.261799 0.862257
4.4505 -0.0872665 1.11227
4.627 0.0872665 0.326533
4.627 0.261799 0.0461987
4.627 0.436332 0.394004
4.627 0.610865 0.0783392
4.627 0.785398 0.943068
4.627 0.959931 0.350368
4.627 1.13446 0.956887
4.627 1.309 1.48212
4.627 1.48353 1.06643
4.627 1.65806 0.640356
4.627 1.8326 0.204821
4.627 2.00713 0.683855
4.627 2.18166 0.973245
4.627 2.35619 0.0936303
4.627 2.53073 0.266857
4.627 2.70526 0.183632
4.627 2.87979 0.122623
4.627 3.05433 0.146572
4.627 -3.05433 0.332191
4.627 -2.87979 0.381419
4.627 -2.70526 0.481808
4.627 -2.53073 0.360736
4.627 -2.35619 0.150165
4.627 -2.18166 0.3917
4.627 -2.00713 0.15533
4.627 -1.8326 0.55267
4.627 -1.65806 0.214142
4.627 -1.48353 0.223014
4.627 -1.309 0.753939
4.627 -1.13446 0.195744
4.627 -0.959931 0.68605
4.627 -0.785398 0.891074
4.627 -0.610865 1.06196
4.627 -0.436332 0.376697
4.627 -0.261799 0.49652
4.627 -0.0872665 0.286248
4.8025 0.349066 0.392155
4.8025 0.698132 0.58183
4.8025 1.0472 1.59137
4.8025 1.39626 0.780498
4.8025 1.74533 0.979009
4.8025 2.0944 1.68169
4.8025 2.44346 0.455501
4.8025 2.79253 0.436244
4.8025 3.14159 0.020338
4.8025 -2.79253 1.62221
4.8025 -2.44346 0.85058
4.8025 -2.0944 0.44071
4.8025 -1.74533 0.310739
4.8025 -1.39626 0.200015
4.8025 -1.0472 0.853201
4.8025 -0.698132 1.34558
4.8025 -0.349066 0.644631
4.8025 -4.70728e-08 0.51108
5.04 0.349066 0.544902
5.04 0.698132 1.39427
5.04 1.0472 2.8473
5.04 1.39626 1.14016
5.04 1.74533 1.16257
5.04 2.09439 1.18082
5.04 2.44346 1.62408
5.04 2.79253 0.741996
5.04 3.14159 0.960358
5.04 -2.79253 1.33263
5.04 -2.44346 3.56639
5.04 -2.0944 0.729112
5.04 -1.74533 1.03865
5.04 -1.39626 1.36441
5.04 -1.0472 0.965152
5.04 -0.698132 1.69544
5.04 -0.349066 1.14956
5.04 1.30888e-07 1.23944
-3.0515 0.0872664 1.19559
-3.0515 0.261799 0.691304
-3.0515 0.436332 0.300229
-3.0515 0.610865 0.565672
-3.0515 0.785398 0.408724
-3.0515 0.959931 2.18254
-3.0515 1.13446 3.07008
-3.0515 1.309 0.396955
-3.0515 1.65806 0.236417
-3.0515 1.8326 0.238047
-3.0515 2.18166 0.198487
-3.0515 2.35619 1.65238
-3.0515 2.53073 0.548059
-3.0515 2.70526 0.642589
-3.0515 3.05433 0.0682813
-3.0515 -3.05433 1.68659
-3.0515 -2.87979 0.120429
-3.0515 -2.70526 0.129279
-3.0515 -2.53073 0.112542
-3.0515 -2.00713 0.931175
-3.0515 -1.8326 1.12509
-3.0515 -1.65806 0.843402
-3.0515 -1.48353 0.151303
-3.0515 -1.309 0.153428
-3.0515 -1.13446 0.867779
-3.0515 -0.959931 1.26548
-3.0515 -0.785398 0.147861
-3.0515 -0.436332 0.0519855
-3.0515 -0.0872664 0.665763
-3.2265 0.0872664 0.376616
-3.2265 0.261799 2.25894
-3.2265 0.436332 0.93771
-3.2265 0.610865 0.229434
-3.2265 0.785398 0.337231
-3.2265 1.13446 1.12385
-3.2265 1.48353 0.0446286
-3.2265 1.65806 0.906616
-3.2265 1.8326 3.03932
-3.2265 2.00713 1.29984
-3.2265 2.35619 0.464966
-3.2265 2.53073 0.904574
-3.2265 2.70526 1.74694
-3.2265 2.87979 1.30538
-3.2265 -2.87979 0.0477626
-3.2265 -2.70526 1.11253
-3.2265 -2.53073 1.84364
-3.2265 -2.35619 1.2593
-3.2265 -2.18166 0.288263
-3.2265 -2.00713 1.74418
-3.2265 -1.8326 0.497348
-3.2265 -1.48353 0.390522
-3.2265 -1.309 0.0479429
-3.2265 -1.13446 0.264625
-3.2265 -0.785398 1.07789
-3.2265 -0.436332 0.154517
-3.2265 -0.261799 0.22015
-3.2265 -0.0872663 1.0868
-3.4015 0.0872666 1.1331
-3.4015 0.261799 0.223783
-3.4015 0.436332 0.494729
-3.4015 0.610865 0.488356
-3.4015 0.959931 0.979643
-3.4015 1.13446 1.54894
-3.4015 1.309 0.25053
-3.4015 1.48353 0.302841
-3.4015 1.65806 0.522947
-3.4015 1.8326 0.0405403
-3.4015 2.00713 0.196463
-3.4015 2.18166 0.371823
-3.4015 2.53073 0.607623
-3.4015 2.70526 0.1903
-3.4015 2.87979 0.796515
-3.4015 -2.87979 0.355396
-3.4015 -2.70526 0.615128
-3.4015 -2.53073 0.73977
-3.4015 -2.35619 0.0704625
-3.4015 -2.18166 0.502327
-3.4015 -2.00713 0.177504
-3.4015 -1.8326 0.0666588
-3.4015 -1.65806 0.874943
-3.4015 -1.13446 0.298369
-3.4015 -0.959931 1.71756
-3.4015 -0.785398 1.59423
-3.4015 -0.610865 1.19992
-3.4015 -0.436332 1.2209
-3.4015 -0.261799 0.317161
-3.4015 -0.0872664 0.932915
-3.5765 0.261799 1.12174
-3.5765 0.436332 1.13848
-3.5765 0.610865 0.326974
-3.5765 0.785398 2.77534
-3.5765 0.959931 2.01876
-3.5765 1.13446 0.808011
-3.5765 1.309 1.65546
-3.5765 1.48353 1.21331
-3.5765 1.65806 0.524238
-3.5765 1.8326 0.219933
-3.5765 2.00713 0.21128
-3.5765 2.18166 0.358027
-3.5765 2.35619 0.100309
-3.5765 2.53073 0.212597
-3.5765 2.70526 0.37907
-3.5765 2.87979 0.206774
-3.5765 3.05433 0.107593
-3.5765 -2.70526 0.046129
-3.5765 -2.53073 0.501245
-3.5765 -2.35619 0.647035
-3.5765 -2.18166 0.373369
-3.5765 -2.00713 0.611602
-3.5765 -1.8326 0.25033
-3.5765 -1.65806 0.337944
-3.5765 -1.309 1.28477
-3.5765 -1.13446 0.336909
-3.5765 -0.959931 0.922911
-3.5765 -0.785398 1.59461
-3.5765 -0.436332 0.686608
-3.5765 -0.261799 2.27633
-3.5765 -0.0872666 1.30084
-3.7515 0.0872664 2.07455
-3.7515 0.261799 0.729718
-3.7515 0.436332 0.262834
-3.7515 0.610865 0.15795
-3.7515 0.959931 0.557912
-3.7515 1.13446 0.810926
-3.7515 1.309 0.406789
-3.7515 1.48353 0.900527
-3.7515 1.65806 0.231628
-3.7515 1.8326 1.42095
-3.7515 2.00713 0.790906
-3.7515 2.18166 0.125955
-3.7515 2.35619 1.37279
-3.7515 2.53073 0.56548
-3.7515 2.70526 1.41715
-3.7515 2.87979 1.66694
-3.7515 3.05433 1.54391
-3.7515 -3.05433 0.368554
-3.7515 -2.87979 0.613418
-3.7515 -2.70526 1.26756
-3.7515 -2.53073 0.0843899
-3.7515 -2.35619 0.376951
-3.7515 -2.18166 1.48771
-3.7515 -2.00713 0.719492
-3.7515 -1.8326 0.409201
-3.7515 -1.65806 0.735437
-3.7515 -1.48353 0.0872866
-3.7515 -1.309 0.674447
-3.7515 -1.13446 0.334067
-3.7515 -0.959931 0.585196
-3.7515 -0.785398 2.64469
-3.7515 -0.610865 0.639199
-3.7515 -0.436332 0.108466
-3.7515 -0.261799 1.22944
-3.7515 -0.0872664 0.53751
-3.926 0.0872663 1.60126
-3.926 0.2618 0.687788
-3.926 0.436332 0.863137
-3.926 0.610865 1.14382
-3.926 0.785398 2.1304
-3.926 0.959931 1.82112
-3.926 1.13446 0.387205
-3.926 1.309 0.348007
-3.926 1.48353 0.158575
-3.926 1.65806 1.45973
-3.926 1.8326 0.254893
-3.926 2.00713 0.362367
-3.926 2.18166 0.628179
-3.926 2.35619 0.901447
-3.926 2.53073 0.640287
-3.926 2.70526 0.215515
-3.926 2.87979 0.0980619
-3.926 3.05433 0.470231
-3.926 -3.05433 0.473723
-3.926 -2.87979 1.72808
-3.926 -2.70526 0.442324
-3.926 -2.53073 0.796229
-3.926 -2.35619 0.587473
-3.926 -2.18166 1.08855
-3.926 -2.00713 2.16484
-3.926 -1.8326 0.333528
-3.926 -1.65806 0.808754
-3.926 -1.48353 1.29799
-3.926 -1.309 0.5043
-3.926 -1.13446 0.461694
-3.926 -0.959931 0.403406
-3.926 -0.785398 0.293106
-3.926 -0.610865 0.920234
-3.926 -0.436332 1.35076
-3.926 -0.261799 0.463748
-3.926 -0.0872666 0.0805345
-4.102 0.0872664 0.566821
-4.102 0.261799 0.337981
-4.102 0.436332 0.576161
-4.102 0.610865 1.13904
-4.102 0.785398 0.932433
-4.102 0.959931 1.03654
-4.102 1.13446 0.850699
-4.102 1.309 0.510249
-4.102 1.48353 0.442528
-4.102 1.65806 0.748627
-4.102 1.8326 0.651458
-4.102 2.18166 0.399193
-4.102 2.35619 1.05443
-4.102 2.53073 0.821347
-4.102 2.70526 0.384847
-4.102 2.87979 0.968787
-4.102 3.05433 0.52808
-4.102 -3.05433 0.875802
-4.102 -2.87979 0.836855
-4.102 -2.70526 0.100992
-4.102 -2.53073 1.02662
-4.102 -2.35619 0.0990826
-4.102 -2.18166 0.0686852
-4.102 -2.00713 0.358323
-4.102 -1.8326 0.196562
-4.102 -1.65806 1.01718
-4.102 -1.48353 0.916031
-4.102 -1.309 0.283436
-4.102 -1.13446 0.112269
-4.102 -0.959931 1.28725
-4.102 -0.785398 1.74482
-4.102 -0.610865 0.521492
-4.102 -0.436332 0.393289
-4.102 -0.261799 0.5265
-4.102 -0.0872666 0.0989396
-4.277 0.0872664 0.331379
-4.277 0.261799 0.554628
-4.277 0.436332 0.667667
-4.277 0.610865 0.0415202
-4.277 0.785398 0.0230299
-4.277 0.959931 1.01839
-4.277 1.13446 0.550472
-4.277 1.309 1.36643
-4.277 1.48353 1.61016
-4.277 1.65806 0.552388
-4.277 1.8326 0.392702
-4.277 2.00713 0.133089
-4.277 2.18166 0.59882
-4.277 2.35619 0.749686
-4.277 2.53073 1.83057
-4.277 2.70526 0.891576
-4.277 2.87979 0.470196
-4.277 3.05433 0.447383
-4.277 -3.05433 0.239322
-4.277 -2.87979 0.601868
-4.277 -2.70526 0.238046
-4.277 -2.53073 0.415686
-4.277 -2.35619 0.108188
-4.277 -2.18166 0.266823
-4.277 -2.00713 0.297385
-4.277 -1.8326 1.0747
-4.277 -1.65806 0.261411
-4.277 -1.309 0.283794
-4.277 -0.959931 0.256024
-4.277 -0.785398 1.90469
-4.277 -0.610865 1.65487
-4.277 -0.436332 0.373575
-4.277 -0.261799 0.566457
-4.277 -0.0872665 1.49545
-4.4505 0.0872663 0.683207
-4.4505 0.261799 1.18225
-4.4505 0.436332 0.767194
-4.4505 0.610865 0.115941
-4.4505 0.785398 0.45083
-4.4505 0.959931 0.352258
-4.4505 1.13446 0.422132
-4.4505 1.309 0.597383
-4.4505 1.48353 0.606079
-4.4505 1.65806 1.53855
-4.4505 1.8326 0.790462
-4.4505 2.00713 0.440553
-4.4505 2.18166 0.484064
-4.4505 2.35619 0.626496
-4.4505 2.53073 0.935661
-4.4505 2.70526 0.784159
-4.4505 2.87979 0.966802
-4.4505 3.05433 0.402423
-4.4505 -3.05433 0.226438
-4.4505 -2.87979 0.131833
-4.4505 -2.70526 0.598302
-4.4505 -2.53073 0.18096
-4.4505 -2.35619 0.12561
-4.4505 -2.18166 0.386032
-4.4505 -2.00713 0.39428
-4.4505 -1.8326 0.762007
-4.4505 -1.65806 0.442005
-4.4505 -1.48353 0.0582165
-4.4505 -1.309 0.397464
-4.4505 -1.13446 1.28117
-4.4505 -0.959931 0.894866
-4.4505 -0.785398 0.148456
-4.4505 -0.610865 0.638213
-4.4505 -0.436333 0.156895
-4.4505 -0.261799 0.526463
-4.4505 -0.0872667 0.559903
-4.627 0.0872665 0.790087
-4.627 0.261799 0.0450846
-4.627 0.436332 0.359107
-4.627 0.610865 0.163271
-4.627 0.785398 0.24778
-4.627 0.959931 0.164096
-4.627 1.13446 0.142158
-4.627 1.309 1.66961
-4.627 1.48353 1.52515
-4.627 1.65806 0.385754
-4.627 1.8326 0.540027
-4.627 2.18166 0.268693
-4.627 2.35619 0.319042
-4.627 2.53073 0.702495
-4.627 2.70526 0.545686
-4.627 2.87979 0.226265
-4.627 3.05433 0.110286
-4.627 -3.05433 0.420553
-4.627 -2.87979 0.144608
-4.627 -2.70526 0.144512
-4.627 -2.53073 0.29902
-4.627 -2.35619 0.694503
-4.627 -2.18166 0.400841
-4.627 -2.00713 0.396163
-4.627 -1.8326 0.294452
-4.627 -1.48353 0.429101
-4.627 -1.309 0.0586496
-4.627 -1.13446 0.251363
-4.627 -0.959931 0.135564
-4.627 -0.785398 0.186714
-4.627 -0.610865 0.381977
-4.627 -0.436332 0.0506681
-4.627 -0.261799 0.487443
-4.627 -0.0872665 0.315123
-4.8025 0.349066 0.372978
-4.8025 0.698132 0.367459
-4.8025 1.0472 0.381228
-4.8025 1.39626 1.13354
-4.8025 1.74533 0.82726
-4.8025 2.0944 0.326979
-4.8025 2.44346 0.417508
-4.8025 2.79253 0.345131
-4.8025 -3.14159 0.189693
-4.8025 -2.79253 0.441326
-4.8025 -2.44346 0.77667
-4.8025 -2.09439 0.722052
-4.8025 -1.74533 0.145349
-4.8025 -1.39626 0.0863802
-4.8025 -1.0472 0.670504
-4.8025 -0.698132 0.16059
-4.8025 -0.349066 0.565253
-4.8025 6.8756e-08 0.341932
-5.03999 0.349067 0.398541
-5.03999 0.698132 0.573741
-5.03999 1.0472 0.10828
-5.03999 1.39626 0.569401
-5.03999 1.74533 1.7817
-5.03999 2.0944 1.24163
-5.03999 2.44346 0.72481
-5.03999 2.79253 0.54642
-5.03999 -3.14159 0.476125
-5.03999 -2.79253 0.501881
-5.03999 -2.44346 0.902084
-5.03999 -2.09439 0.60438
-5.03999 -1.74533 0.373064
-5.03999 -1.39626 0.258549
-5.03999 -1.0472 0.684355
-5.03999 -0.698131 0.777911
-5.03999 -0.349065 0.304713
-5.04001 -7.49932e-07 0.924117
3.0515 0.0872665 0.349337
3.0515 0.261799 0.792536
3.0515 0.436332 1.78769
3.0515 0.610865 0.0486956
3.0515 0.785398 0.990408
3.0515 0.959931 1.90729
3.0515 1.13446 1.09293
3.0515 1.309 1.2815
3.0515 1.48353 1.81916
3.0515 1.65806 0.500425
3.0515 1.8326 0.252946
3.0515 2.00713 0.667352
3.0515 2.18166 1.34723
3.0515 2.35619 0.544508
3.0515 2.53073 1.69996
3.0515 2.70526 2.23266
3.0515 2.87979 0.0951102
3.0515 3.05433 0.0847261
3.0515 -2.70526 3.03162
3.0515 -2.53073 0.0950639
3.0515 -2.18166 3.86014
3.0515 -2.00713 0.909668
3.0515 -1.8326 3.19922
3.0515 -1.65806 1.50069
3.0515 -1.48353 1.6585
3.0515 -0.959931 0.54749
3.0515 -0.785398 1.58992
3.0515 -0.610865 1.57552
3.0515 -0.436332 2.71908
3.2265 0.0872665 2.61913
3.2265 0.261799 1.09798
3.2265 0.436332 2.65574
3.2265 0.610865 0.63445
3.2265 0.785398 0.696441
3.2265 0.959931 3.11193
3.2265 1.13446 0.679239
3.2265 1.309 0.769432
3.2265 1.48353 1.22801
3.2265 1.65806 0.613108
3.2265 1.8326 0.606938
3.2265 2.00713 1.16481
3.2265 2.18166 2.24114
3.2265 2.35619 2.63523
3.2265 2.53073 2.71124
3.2265 2.70526 0.441005
3.2265 2.87979 2.3064
3.2265 3.05433 0.503618
3.2265 -3.05433 0.271888
3.2265 -2.87979 0.627482
3.2265 -2.70526 0.352232
3.2265 -2.53073 1.68476
3.2265 -2.35619 2.36323
3.2265 -2.18166 2.14044
3.2265 -2.00713 0.415666
3.2265 -1.8326 0.706375
3.2265 -1.65806 0.465234
3.2265 -1.48353 0.310149
3.2265 -1.309 0.885372
3.2265 -1.13446 0.978402
3.2265 -0.959931 0.909384
3.2265 -0.785398 1.0355
3.2265 -0.610865 0.639474
3.2265 -0.436332 1.11717
3.2265 -0.261799 1.74161
3.2265 -0.0872665 1.2705
3.4015 0.0872665 2.79766
3.4015 0.261799 2.89981
3.4015 0.436332 1.73683
3.4015 0.610865 1.24901
3.4015 0.785398 0.90231
3.4015 0.959931 1.9234
3.4015 1.13446 0.0571075
3.4015 1.309 0.461365
3.4015 1.48353 0.798033
3.4015 1.65806 0.626816
3.4015 1.8326 0.0518789
3.4015 2.00713 1.14486
3.4015 2.18166 0.331845
3.4015 2.35619 1.18372
3.4015 2.53073 3.96916
3.4015 2.70526 1.11138
3.4015 2.87979 0.432173
3.4015 3.05433 0.485841
3.4015 -3.05433 0.252252
3.4015 -2.87979 0.193788
3.4015 -2.70526 0.822039
3.4015 -2.53073 0.657599
3.4015 -2.18166 0.938657
3.4015 -2.00713 1.01543
3.4015 -1.8326 1.64334
3.4015 -1.65806 0.592094
3.4015 -1.48353 1.02485
3.4015 -1.309 0.402778
3.4015 -1.13446 0.404649
3.4015 -0.959931 0.663955
3.4015 -0.785398 1.41605
3.4015 -0.610865 0.497285
3.4015 -0.436332 2.78479
3.4015 -0.261799 0.528947
3.4015 -0.0872665 1.03361
3.5765 0.0872665 0.854553
3.5765 0.261799 0.760338
3.5765 0.436332 0.272672
3.5765 0.610865 0.879386
3.5765 0.785398 1.07394
3.5765 0.959931 0.406772
3.5765 1.13446 1.11703
3.5765 1.309 0.284704
3.5765 1.48353 1.01744
3.5765 1.65806 1.08545
3.5765 1.8326 1.18133
3.5765 2.00713 0.906424
3.5765 2.18166 2.3694
3.5765 2.35619 0.581305
3.5765 2.53073 0.746054
3.5765 2.70526 2.77853
3.5765 2.87979 0.764779
3.5765 3.05433 1.53897
3.5765 -3.05433 0.435619
3.5765 -2.87979 0.431746
3.5765 -2.70526 1.39852
3.5765 -2.53073 0.899195
3.5765 -2.35619 0.7499
3.5765 -2.18166 0.554036
3.5765 -2.00713 0.354083
3.5765 -1.8326 0.315609
3.5765 -1.65806 1.29761
3.5765 -1.48353 1.77649
3.5765 -1.309 0.958289
3.5765 -1.13446 0.364676
3.5765 -0.959931 1.19232
3.5765 -0.785398 0.943252
3.5765 -0.610865 0.610766
3.5765 -0.436332 1.28906
3.5765 -0.261799 0.224363
3.5765 -0.0872665 0.926616
3.7515 0.0872665 0.238643
3.7515 0.261799 0.771139
3.7515 0.436332 0.602856
3.7515 0.610865 0.201228
3.7515 0.785398 0.222556
3.7515 0.959931 2.25145
3.7515 1.13446 0.443016
3.7515 1.309 0.842679
3.7515 1.48353 0.411844
3.7515 1.65806 1.30737
3.7515 1.8326 1.88375
3.7515 2.00713 0.689484
3.7515 2.18166 3.12193
3.7515 2.35619 2.6283
3.7515 2.53073 0.317382
3.7515 2.70526 0.905439
3.7515 2.87979 1.13287
3.7515 3.05433 1.33983
3.7515 -3.05433 3.23958
3.7515 -2.87979 1.20145
3.7515 -2.70526 1.59182
3.7515 -2.53073 0.347036
3.7515 -2.35619 1.95314
3.7515 -2.18166 0.52641
3.7515 -2.00713 0.850254
3.7515 -1.8326 0.116344
3.7515 -1.65806 0.071891
3.7515 -1.309 0.204248
3.7515 -1.13446 0.20898
3.7515 -0.959931 1.01937
3.7515 -0.785398 0.781766
3.7515 -0.610865 0.482248
3.7515 -0.436332 0.611409
3.7515 -0.261799 0.471957
3.7515 -0.0872665 0.378932
3.926 0.0872665 1.25387
3.926 0.261799 1.49487
3.926 0.436332 0.738622
3.926 0.610865 1.29848
3.926 0.785398 0.241385
3.926 0.959931 1.88957
3.926 1.13446 1.52084
3.926 1.48353 0.996095
3.926 1.65806 0.837818
3.926 1.8326 0.598795
3.926 2.00713 1.61037
3.926 2.18166 2.83996
3.926 2.35619 1.82747
3.926 2.53073 0.734402
3.926 2.70526 0.888646
3.926 2.87979 0.170285
3.926 3.05433 0.943663
3.926 -3.05433 0.622937
3.926 -2.87979 0.285953
3.926 -2.70526 0.367413
3.926 -2.53073 0.0668289
3.926 -2.35619 1.11803
3.926 -2.18166 0.584636
3.926 -2.00713 0.981111
3.926 -1.8326 0.0507975
3.926 -1.65806 1.52397
3.926 -1.48353 0.429577
3.926 -1.309 0.280999
3.926 -1.13446 0.0980233
3.926 -0.959931 0.275907
3.926 -0.785398 0.8014
3.926 -0.610865 1.81361
3.926 -0.436332 0.249497
3.926 -0.261799 0.770786
3.926 -0.0872664 0.574572
4.102 0.0872665 0.817573
4.102 0.261799 1.60684
4.102 0.436332 3.10135
4.102 0.610865 1.58974
4.102 0.785398 0.15885
4.102 0.959931 1.52109
4.102 1.13446 0.490065
4.102 1.309 0.604883
4.102 1.48353 0.487522
4.102 1.65806 1.34335
4.102 1.8326 0.828571
4.102 2.00713 0.665751
4.102 2.18166 1.25825
4.102 2.35619 0.421654
4.102 2.53073 0.438003
4.102 2.70526 3.00899
4.102 2.87979 0.344972
4.102 3.05433 1.47038
4.102 -3.05433 1.10754
4.102 -2.87979 1.16923
4.102 -2.70526 0.464691
4.102 -2.53073 0.626656
4.102 -2.35619 0.52537
4.102 -2.18166 1.35892
4.102 -2.00713 1.1433
4.102 -1.8326 1.69066
4.102 -1.65806 1.42006
4.102 -1.48353 0.302676
4.102 -1.309 0.303795
4.102 -1.13446 0.240105
4.102 -0.959931 0.625842
4.102 -0.785398 0.752117
4.102 -0.610865 0.920478
4.102 -0.436332 0.57438
4.102 -0.261799 0.363193
4.102 -0.0872664 0.585855
4.277 0.0872665 1.07148
4.277 0.261799 0.480269
4.277 0.436332 0.614463
4.277 0.610865 0.730997
4.277 0.785398 0.268284
4.277 0.959931 0.278324
4.277 1.13446 1.42661
4.277 1.309 0.386427
4.277 1.48353 0.453522
4.277 1.65806 1.17811
4.277 1.8326 0.532612
4.277 2.00713 1.38834
4.277 2.18166 0.869003
4.277 2.35619 0.701413
4.277 2.53073 0.821781
4.277 2.70526 0.0925934
4.277 2.87979 1.09199
4.277 3.05433 0.925135
4.277 -3.05433 1.17015
4.277 -2.87979 1.10643
4.277 -2.70526 0.194139
4.277 -2.53073 0.340216
4.277 -2.35619 1.05218
4.277 -2.18166 0.790124
4.277 -2.00713 0.558519
4.277 -1.8326 0.784382
4.277 -1.65806 0.40351
4.277 -1.48353 0.518446
4.277 -1.309 0.659174
4.277 -1.13446 1.20464
4.277 -0.959931 0.36613
4.277 -0.785398 0.633959
4.277 -0.610865 0.593181
4.277 -0.436332 0.0846766
4.277 -0.261799 0.285202
4.277 -0.0872665 1.31487
4.4505 0.0872664 0.530916
4.4505 0.261799 0.314306
4.4505 0.436332 1.11852
4.4505 0.610865 0.573183
4.4505 0.785398 0.514761
4.4505 0.959931 0.276261
4.4505 1.13446 0.45767
4.4505 1.309 0.334847
4.4505 1.48353 0.816702
4.4505 1.65806 0.381756
4.4505 1.8326 1.43399
4.4505 2.00713 1.91736
4.4505 2.18166 1.34317
4.4505 2.35619 1.71049
4.4505 2.53073 1.02111
4.4505 2.70526 0.64947
4.4505 2.87979 0.385539
4.4505 3.05433 0.48979
4.4505 -3.05433 1.21023
4.4505 -2.87979 0.773529
4.4505 -2.70526 0.419944
4.4505 -2.53073 0.376277
4.4505 -2.35619 1.06494
4.4505 -2.18166 0.326228
4.4505 -2.00713 0.611382
4.4505 -1.8326 0.700111
4.4505 -1.65806 0.277452
4.4505 -1.48353 0.275035
4.4505 -1.309 1.65696
4.4505 -1.13446 0.82087
4.4505 -0.959931 1.07255
4.4505 -0.785398 1.41076
4.4505 -0.610865 1.10812
4.4505 -0.436332 0.797453
4.4505 -0.261799 0.683379
4.4505 -0.0872665 0.66868
4.627 0.0872665 0.321226
4.627 0.261799 0.233327
4.627 0.436332 0.577204
4.627 0.610865 0.761508
4.627 0.785398 0.180273
4.627 0.959931 0.181461
4.627 1.13446 0.768516
4.627 1.309 0.356407
4.627 1.48353 1.03051
4.627 1.65806 0.497797
4.627 1.8326 0.942934
4.627 2.00713 0.610242
4.627 2.18166 1.81404
4.627 2.35619 1.59622
4.627 2.53073 2.33484
4.627 2.70526 0.200429
4.627 2.87979 0.868505
4.627 3.05433 1.92465
4.627 -3.05433 0.270168
4.627 -2.87979 0.030779
4.627 -2.70526 0.20355
4.627 -2.53073 0.142759
4.627 -2.35619 0.402731
4.627 -2.18166 0.816675
4.627 -2.00713 0.596304
4.627 -1.8326 0.183563
4.627 -1.65806 0.0613547
4.627 -1.48353 0.346648
4.627 -1.309 1.08358
4.627 -1.13446 0.100387
4.627 -0.959931 0.750227
4.627 -0.785398 0.379897
4.627 -0.610865 0.760572
4.627 -0.436332 0.47948
4.627 -0.261799 0.501426
4.627 -0.0872665 0.418422
4.8025 0.349066 0.961171
4.8025 0.698132 0.337471
4.8025 1.0472 0.686209
4.8025 1.39626 0.521741
4.8025 1.74533 1.27254
4.8025 2.0944 1.37046
4.8025 2.44346 1.87797
4.8025 2.79253 0.839251
4.8025 3.14159 0.402955
4.8025 -2.79253 0.675704
4.8025 -2.44346 0.580821
4.8025 -2.0944 0.864109
4.8025 -1.74533 0.770484
4.8025 -1.39626 0.47654
4.8025 -1.0472 0.877712
4.8025 -0.698132 0.744655
4.8025 -0.349066 0.784287
4.8025 -4.70728e-08 0.794235
5.04 0.349066 1.40411
5.04 0.698132 0.84569
5.04 1.0472 1.08877
5.04 1.39626 0.765053
5.04 1.74533 1.09021
5.04 2.09439 2.23114
5.04 2.44346 1.24139
5.04 2.79253 1.18083
5.04 3.14159 1.78762
5.04 -2.79253 1.45686
5.04 -2.44346 1.49637
5.04 -2.09439 1.19814
5.04 -1.74533 1.6414
5.04 -1.39626 1.84598
5.04 -1.0472 2.43388
5.04 -0.698132 1.66186
5.04 -0.349066 1.84301
5.04 1.30888e-07 1.94461
-3.0515 0.0872664 0.0472278
-3.0515 0.785398 0.267249
-3.0515 1.13446 0.0803503
-3.0515 1.309 0.402354
-3.0515 1.48353 0.655509
-3.0515 1.65806 0.0919263
-3.0515 1.8326 1.03603
-3.0515 2.00713 1.18675
-3.0515 2.18166 0.618827
-3.0515 2.35619 0.0723144
-3.0515 2.70526 0.706123
-3.0515 2.87979 0.64381
-3.0515 3.05433 0.363297
-3.0515 -3.05433 0.265247
-3.0515 -2.53073 0.45801
-3.0515 -2.35619 0.154778
-3.0515 -2.18166 0.256576
-3.0515 -2.00713 1.42559
-3.0515 -1.8326 0.202117
-3.0515 -1.65806 0.750265
-3.0515 -1.309 0.384669
-3.0515 -1.13446 0.124474
-3.0515 -0.959931 1.93624
-3.0515 -0.785398 2.56291
-3.0515 -0.436332 0.222013
-3.2265 0.261799 2.15591
-3.2265 0.436332 0.391458
-3.2265 0.610865 0.362329
-3.2265 0.785398 0.694467
-3.2265 0.959931 0.581671
-3.2265 1.13446 0.863472
-3.2265 1.309 0.503769
-3.2265 1.65806 0.96338
-3.2265 1.8326 0.983339
-3.2265 2.00713 1.45028
-3.2265 2.18166 1.20151
-3.2265 2.35619 2.13893
-3.2265 2.53073 2.07015
-3.2265 2.70526 0.673516
-3.2265 2.87979 0.298693
-3.2265 -3.05433 0.389721
-3.2265 -2.87979 0.235481
-3.2265 -2.70526 0.778574
-3.2265 -2.53073 2.94085
-3.2265 -2.35619 0.577281
-3.2265 -2.18166 1.61134
-3.2265 -2.00713 1.28673
-3.2265 -1.8326 0.572039
-3.2265 -1.65806 1.37708
-3.2265 -1.48353 1.5728
-3.2265 -1.309 0.507921
-3.2265 -1.13446 0.196004
-3.2265 -0.959931 0.435878
-3.2265 -0.785398 1.9268
-3.2265 -0.610865 0.150335
-3.2265 -0.0872663 0.110091
-3.4015 0.0872666 0.593747
-3.4015 0.261799 0.187802
-3.4015 0.436332 0.646006
-3.4015 0.610865 0.0605483
-3.4015 0.785398 1.17038
-3.4015 0.959931 1.0462
-3.4015 1.13446 0.0819974
-3.4015 1.309 1.08197
-3.4015 1.48353 0.615149
-3.4015 1.65806 0.231768
-3.4015 1.8326 0.630419
-3.4015 2.18166 2.01144
-3.4015 2.35619 2.03345
-3.4015 2.53073 2.30045
-3.4015 2.70526 2.20602
-3.4015 3.05433 0.703599
-3.4015 -3.05433 0.730707
-3.4015 -2.87979 1.42004
-3.4015 -2.70526 0.583138
-3.4015 -2.53073 0.955721
-3.4015 -2.35619 0.601443
-3.4015 -2.18166 0.125906
-3.4015 -2.00713 0.0698728
-3.4015 -1.8326 0.345135
-3.4015 -1.65806 0.231938
-3.4015 -1.48353 1.09797
-3.4015 -1.309 1.06983
-3.4015 -1.13446 0.468446
-3.4015 -0.959931 3.35822
-3.4015 -0.785398 0.905567
-3.4015 -0.610865 0.828479
-3.4015 -0.436332 0.974586
-3.4015 -0.261799 0.587254
-3.5765 0.0872664 0.479882
-3.5765 0.261799 2.65886
-3.5765 0.436332 0.401094
-3.5765 0.610865 0.210109
-3.5765 0.785398 1.84048
-3.5765 0.959931 0.638912
-3.5765 1.13446 0.456128
-3.5765 1.309 3.26843
-3.5765 1.48353 0.380376
-3.5765 1.65806 0.461033
-3.5765 1.8326 1.68224
-3.5765 2.00713 1.56962
-3.5765 2.18166 0.514321
-3.5765 2.35619 0.945258
-3.5765 2.53073 1.67653
-3.5765 2.70526 0.377902
-3.5765 2.87979 0.382864
-3.5765 3.05433 0.859095
-3.5765 -3.05433 0.285246
-3.5765 -2.87979 0.279396
-3.5765 -2.70526 0.432288
-3.5765 -2.53073 0.55787
-3.5765 -2.35619 0.253836
-3.5765 -2.18166 0.594797
-3.5765 -2.00713 0.849506
-3.5765 -1.8326 1.22732
-3.5765 -1.65806 0.06794
-3.5765 -1.48353 0.278257
-3.5765 -1.309 0.33935
-3.5765 -1.13446 0.633646
-3.5765 -0.959931 0.713686
-3.5765 -0.785398 0.649826
-3.5765 -0.610865 0.357843
-3.5765 -0.436332 0.595457
-3.5765 -0.261799 3.71455
-3.5765 -0.0872666 1.09871
-3.7515 0.0872664 0.975972
-3.7515 0.261799 0.918787
-3.7515 0.436332 0.230367
-3.7515 0.610865 0.361776
-3.7515 0.785398 0.408988
-3.7515 0.959931 0.394193
-3.7515 1.13446 0.295506
-3.7515 1.48353 0.52292
-3.7515 1.65806 0.530538
-3.7515 1.8326 1.67288
-3.7515 2.00713 1.3468
-3.7515 2.18166 1.17029
-3.7515 2.35619 2.02446
-3.7515 2.53073 1.08267
-3.7515 2.70526 0.419104
-3.7515 2.87979 0.0799509
-3.7515 3.05433 1.25378
-3.7515 -3.05433 1.54574
-3.7515 -2.87979 1.1455
-3.7515 -2.70526 0.723912
-3.7515 -2.53073 0.247485
-3.7515 -2.35619 0.129597
-3.7515 -2.18166 0.12248
-3.7515 -1.8326 1.01011
-3.7515 -1.65806 0.534408
-3.7515 -1.48353 2.25301
-3.7515 -1.309 0.890384
-3.7515 -1.13446 0.863491
-3.7515 -0.959931 0.911286
-3.7515 -0.785398 1.80495
-3.7515 -0.610865 0.319074
-3.7515 -0.436332 0.794282
-3.7515 -0.261799 0.0990044
-3.7515 -0.0872664 1.54421
-3.926 0.0872663 1.14892
-3.926 0.2618 0.0303427
-3.926 0.436332 0.514468
-3.926 0.610865 0.119068
-3.926 0.785398 0.266016
-3.926 0.959931 0.600255
-3.926 1.13446 0.822996
-3.926 1.309 1.80974
-3.926 1.65806 0.976739
-3.926 1.8326 1.13658
-3.926 2.00713 1.06388
-3.926 2.18166 0.830444
-3.926 2.35619 0.824232
-3.926 2.53073 0.48821
-3.926 2.70526 0.599082
-3.926 2.87979 1.71017
-3.926 3.05433 1.92417
-3.926 -3.05433 1.53058
-3.926 -2.87979 0.165482
-3.926 -2.70526 0.878418
-3.926 -2.53073 0.136186
-3.926 -2.35619 0.996039
-3.926 -2.18166 0.556955
-3.926 -2.00713 0.35145
-3.926 -1.8326 0.252316
-3.926 -1.65806 0.671719
-3.926 -1.48353 0.689659
-3.926 -1.309 1.5678
-3.926 -1.13446 0.430664
-3.926 -0.959931 0.482424
-3.926 -0.785398 0.229885
-3.926 -0.610865 1.26749
-3.926 -0.436332 0.768316
-3.926 -0.261799 1.32422
-3.926 -0.0872666 0.452772
-4.102 0.0872664 0.669178
-4.102 0.261799 0.27311
-4.102 0.436332 0.488017
-4.102 0.610865 0.334382
-4.102 0.785398 0.097154
-4.102 0.959931 0.652389
-4.102 1.13446 0.200878
-4.102 1.309 0.35345
-4.102 1.48353 0.702313
-4.102 1.65806 1.30271
-4.102 1.8326 0.170481
-4.102 2.00713 1.32579
-4.102 2.18166 1.64087
-4.102 2.35619 1.06923
-4.102 2.53073 0.427908
-4.102 2.70526 0.622405
-4.102 2.87979 0.714449
-4.102 3.05433 0.666982
-4.102 -3.05433 0.825402
-4.102 -2.87979 0.417955
-4.102 -2.70526 0.965735
-4.102 -2.35619 0.150268
-4.102 -2.18166 0.150241
-4.102 -2.00713 0.21409
-4.102 -1.8326 0.830747
-4.102 -1.65806 0.062194
-4.102 -1.48353 0.534682
-4.102 -1.309 0.0289804
-4.102 -1.13446 0.6551
-4.102 -0.959931 0.620831
-4.102 -0.785398 1.10813
-4.102 -0.610865 0.602144
-4.102 -0.436332 0.948954
-4.102 -0.261799 0.339151
-4.102 -0.0872666 0.690954
-4.277 0.0872664 0.924081
-4.277 0.261799 1.29587
-4.277 0.436332 0.290035
-4.277 0.610865 0.161562
-4.277 0.785398 0.489641
-4.277 0.959931 0.42829
-4.277 1.13446 0.687029
-4.277 1.309 0.0486876
-4.277 1.48353 0.327707
-4.277 1.65806 0.60094
-4.277 1.8326 1.29641
-4.277 2.00713 1.00237
-4.277 2.18166 0.868449
-4.277 2.35619 0.469298
-4.277 2.53073 0.0849765
-4.277 2.70526 1.06517
-4.277 2.87979 0.640732
-4.277 3.05433 0.355716
-4.277 -3.05433 0.267609
-4.277 -2.87979 0.162609
-4.277 -2.70526 0.482141
-4.277 -2.53073 0.30284
-4.277 -2.35619 0.0879802
-4.277 -2.18166 0.115425
-4.277 -2.00713 0.126811
-4.277 -1.8326 0.358722
-4.277 -1.65806 0.611419
-4.277 -1.309 0.193631
-4.277 -1.13446 0.640396
-4.277 -0.959931 0.365834
-4.277 -0.785398 1.1215
-4.277 -0.610865 1.68371
-4.277 -0.436332 0.354932
-4.277 -0.261799 0.186112
-4.277 -0.0872665 1.09561
-4.4505 0.0872664 0.488288
-4.4505 0.261799 0.307606
-4.4505 0.436332 0.352068
-4.4505 0.610865 0.341129
-4.4505 0.785398 0.324822
-4.4505 0.959931 0.784907
-4.4505 1.13446 0.446593
-4.4505 1.309 0.314265
-4.4505 1.48353 0.961699
-4.4505 1.65806 0.548385
-4.4505 1.8326 0.398633
-4.4505 2.00713 0.607573
-4.4505 2.18166 0.907723
-4.4505 2.35619 0.51445
-4.4505 2.53073 0.476622
-4.4505 2.70526 0.396481
-4.4505 2.87979 0.336898
-4.4505 3.05433 0.572338
-4.4505 -3.05433 1.80977
-4.4505 -2.87979 0.203722
-4.4505 -2.70526 0.259927
-4.4505 -2.53073 0.326225
-4.4505 -2.35619 0.190787
-4.4505 -2.18166 0.24418
-4.4505 -2.00713 0.100814
-4.4505 -1.65806 0.316606
-4.4505 -1.48353 0.227043
-4.4505 -1.309 0.471569
-4.4505 -1.13446 0.506453
-4.4505 -0.959931 0.607386
-4.4505 -0.785398 0.714849
-4.4505 -0.610865 0.566058
-4.4505 -0.436332 0.596446
-4.4505 -0.261799 0.698988
-4.4505 -0.0872667 0.294697
-4.627 0.0872665 0.275296
-4.627 0.261799 0.167661
-4.627 0.436332 0.0632959
-4.627 0.610865 0.119849
-4.627 0.785398 0.114301
-4.627 0.959931 0.840155
-4.627 1.13446 1.13401
-4.627 1.309 0.255099
-4.627 1.48353 0.253438
-4.627 1.65806 0.345486
-4.627 1.8326 0.0988507
-4.627 2.00713 0.335287
-4.627 2.18166 0.189587
-4.627 2.35619 0.28925
-4.627 2.53073 0.25656
-4.627 2.70526 0.498667
-4.627 2.87979 0.236146
-4.627 3.05433 0.47302
-4.627 -3.05433 0.226707
-4.627 -2.87979 0.284239
-4.627 -2.70526 0.456664
-4.627 -2.53073 0.214774
-4.627 -2.35619 0.319895
-4.627 -2.18166 0.336364
-4.627 -2.00713 0.0488856
-4.627 -1.8326 0.0778992
-4.627 -1.65806 0.0499841
-4.627 -1.48353 0.293939
-4.627 -1.309 0.274371
-4.627 -1.13446 0.541721
-4.627 -0.959931 0.160076
-4.627 -0.785398 0.386389
-4.627 -0.610865 0.246126
-4.627 -0.436332 0.710703
-4.627 -0.261799 0.289118
-4.627 -0.0872665 0.513785
-4.8025 0.349066 0.205199
-4.8025 0.698132 0.950315
-4.8025 1.0472 1.83928
-4.8025 1.39626 0.533738
-4.8025 1.74533 1.04944
-4.8025 2.0944 0.344787
-4.8025 2.44346 0.272755
-4.8025 2.79253 0.520988
-4.8025 -3.14159 1.03312
-4.8025 -2.79253 0.386461
-4.8025 -2.44346 0.919625
-4.8025 -2.09439 0.14144
-4.8025 -1.74533 0.49776
-4.8025 -1.39626 0.413344
-4.8025 -1.0472 0.818078
-4.8025 -0.698132 0.649579
-4.8025 -0.349066 0.64138
-4.8025 6.8756e-08 0.339343
-5.03999 0.349067 0.301627
-5.03999 0.698132 1.01738
-5.03999 1.0472 0.768153
-5.03999 1.39626 0.749981
-5.03999 1.74533 1.08599
-5.03999 2.0944 1.07928
-5.03999 2.44346 1.33264
-5.03999 2.79253 0.7648
-5.03999 -3.14159 1.15981
-5.03999 -2.79253 0.694347
-5.03999 -2.44346 0.429654
-5.03999 -2.09439 0.279887
-5.03999 -1.74533 0.428597
-5.03999 -1.39626 1.07727
-5.03999 -1.0472 0.651621
-5.03999 -0.698131 1.01217
-5.03999 -0.349065 1.11948
-5.04001 -7.49932e-07 0.846113
3.0515 0.436332 1.81408
3.0515 0.610865 0.805552
3.0515 0.785398 1.13364
3.0515 0.959931 1.03064
3.0515 1.13446 0.587917
3.0515 1.48353 1.98024
3.0515 1.65806 0.934679
3.0515 1.8326 1.40343
3.0515 2.00713 1.13041
3.0515 2.18166 0.0631986
3.0515 2.35619 1.84886
3.0515 2.53073 1.01415
3.0515 2.70526 1.53292
3.0515 2.87979 0.758226
3.0515 3.05433 1.19316
3.0515 -2.53073 0.0505375
3.0515 -2.35619 1.09753
3.0515 -2.18166 2.0815
3.0515 -2.00713 0.662051
3.0515 -1.8326 1.37969
3.0515 -1.65806 0.253738
3.0515 -1.309 0.191174
3.0515 -1.13446 0.535721
3.0515 -0.959931 1.0645
3.0515 -0.785398 0.436266
3.0515 -0.610865 1.42942
3.0515 -0.436332 1.54726
3.2265 0.0872665 0.827585
3.2265 0.436332 1.64713
3.2265 0.610865 0.378016
3.2265 0.785398 1.04384
3.2265 0.959931 0.389306
3.2265 1.13446 0.280189
3.2265 1.309 0.150148
3.2265 1.48353 0.848249
3.2265 1.65806 0.613108
3.2265 1.8326 0.14858
3.2265 2.00713 1.16481
3.2265 2.18166 0.0488753
3.2265 2.35619 3.48057
3.2265 2.53073 0.817378
3.2265 2.70526 0.386051
3.2265 2.87979 0.551694
3.2265 3.05433 0.667937
3.2265 -3.05433 0.271888
3.2265 -2.87979 0.609135
3.2265 -2.70526 0.531423
3.2265 -2.53073 1.14217
3.2265 -2.35619 1.82296
3.2265 -2.18166 2.78904
3.2265 -2.00713 1.06015
3.2265 -1.8326 2.32202
3.2265 -1.65806 0.413933
3.2265 -1.309 1.61766
3.2265 -1.13446 0.800952
3.2265 -0.959931 0.562536
3.2265 -0.785398 1.45402
3.2265 -0.610865 0.377684
3.2265 -0.436332 1.24614
3.2265 -0.0872665 0.425232
3.4015 0.0872665 0.482084
3.4015 0.261799 0.314977
3.4015 0.436332 0.744263
3.4015 0.610865 0.183321
3.4015 0.785398 2.08298
3.4015 1.13446 0.583671
3.4015 1.309 0.949052
3.4015 1.48353 1.24583
3.4015 1.65806 0.572756
3.4015 1.8326 1.29941
3.4015 2.00713 0.262184
3.4015 2.18166 1.89875
3.4015 2.35619 1.07433
3.4015 2.53073 3.95994
3.4015 2.70526 0.811214
3.4015 2.87979 4.27635
3.4015 3.05433 0.400534
3.4015 -3.05433 0.0587947
3.4015 -2.87979 0.383086
3.4015 -2.70526 0.601868
3.4015 -2.53073 0.550569
3.4015 -2.35619 0.149141
3.4015 -2.18166 0.550984
3.4015 -2.00713 1.56791
3.4015 -1.8326 1.11484
3.4015 -1.65806 0.532825
3.4015 -1.48353 0.440669
3.4015 -1.309 0.139616
3.4015 -1.13446 0.905569
3.4015 -0.959931 1.10579
3.4015 -0.785398 0.795589
3.4015 -0.436332 1.2838
3.4015 -0.261799 0.461387
3.4015 -0.0872665 1.56361
3.5765 0.0872665 1.64677
3.5765 0.261799 0.517271
3.5765 0.436332 1.14943
3.5765 0.610865 0.544877
3.5765 0.785398 0.598208
3.5765 0.959931 1.53503
3.5765 1.309 1.19721
3.5765 1.48353 1.22297
3.5765 1.65806 0.241222
3.5765 1.8326 0.10837
3.5765 2.00713 0.729516
3.5765 2.18166 0.614378
3.5765 2.53073 1.12873
3.5765 2.87979 0.813244
3.5765 3.05433 0.879156
3.5765 -3.05433 0.904084
3.5765 -2.87979 1.12596
3.5765 -2.70526 1.02828
3.5765 -2.53073 2.48495
3.5765 -2.35619 0.150779
3.5765 -2.18166 0.512894
3.5765 -2.00713 2.38316
3.5765 -1.8326 0.284632
3.5765 -1.65806 0.44884
3.5765 -1.48353 0.711333
3.5765 -1.309 2.23671
3.5765 -1.13446 1.59099
3.5765 -0.959931 0.571599
3.5765 -0.785398 0.353357
3.5765 -0.610865 0.824543
3.5765 -0.436332 1.13443
3.5765 -0.261799 2.21222
3.5765 -0.0872665 1.03147
3.7515 0.0872665 0.756688
3.7515 0.261799 0.357418
3.7515 0.436332 0.783664
3.7515 0.610865 1.08982
3.7515 0.785398 0.263149
3.7515 0.959931 1.85804
3.7515 1.13446 0.659863
3.7515 1.309 1.08391
3.7515 1.48353 3.4606
3.7515 1.65806 0.956379
3.7515 1.8326 2.05616
3.7515 2.00713 0.743773
3.7515 2.18166 1.42412
3.7515 2.35619 1.13021
3.7515 2.53073 0.747266
3.7515 2.70526 1.28728
3.7515 2.87979 0.358516
3.7515 3.05433 0.633405
3.7515 -3.05433 1.20135
3.7515 -2.87979 1.00274
3.7515 -2.70526 0.49598
3.7515 -2.53073 0.356671
3.7515 -2.35619 0.377179
3.7515 -2.18166 1.00204
3.7515 -2.00713 2.45053
3.7515 -1.8326 0.0912858
3.7515 -1.65806 1.46554
3.7515 -1.48353 0.438996
3.7515 -1.309 1.4011
3.7515 -1.13446 1.06289
3.7515 -0.959931 0.969612
3.7515 -0.785398 1.6838
3.7515 -0.610865 0.887516
3.7515 -0.436332 0.307406
3.7515 -0.261799 1.89783
3.7515 -0.0872665 1.0574
3.926 0.0872665 0.907123
3.926 0.261799 2.17632
3.926 0.436332 2.28834
3.926 0.610865 2.30613
3.926 0.785398 0.561551
3.926 0.959931 0.737725
3.926 1.13446 2.03745
3.926 1.309 0.924218
3.926 1.48353 0.643134
3.926 1.65806 0.885955
3.926 1.8326 0.946284
3.926 2.00713 1.24274
3.926 2.18166 0.338918
3.926 2.35619 0.921912
3.926 2.53073 0.344642
3.926 2.70526 1.04796
3.926 2.87979 0.335188
3.926 3.05433 0.773739
3.926 -3.05433 2.12737
3.926 -2.87979 0.861882
3.926 -2.70526 0.504028
3.926 -2.35619 0.174768
3.926 -2.18166 0.266591
3.926 -2.00713 0.096149
3.926 -1.8326 0.57697
3.926 -1.65806 0.87804
3.926 -1.48353 1.13599
3.926 -1.309 0.658609
3.926 -1.13446 1.19746
3.926 -0.959931 0.7457
3.926 -0.785398 0.699141
3.926 -0.610865 0.441415
3.926 -0.436332 0.810512
3.926 -0.0872664 0.653342
4.102 0.0872665 0.309153
4.102 0.261799 1.65198
4.102 0.436332 0.670505
4.102 0.610865 0.935327
4.102 0.785398 0.787153
4.102 0.959931 1.57241
4.102 1.13446 1.03473
4.102 1.309 1.08215
4.102 1.48353 0.818348
4.102 1.65806 0.166716
4.102 1.8326 1.07997
4.102 2.00713 0.117504
4.102 2.18166 0.367527
4.102 2.35619 0.966525
4.102 2.53073 1.06602
4.102 2.70526 1.18632
4.102 2.87979 0.108225
4.102 3.05433 0.307754
4.102 -3.05433 1.01146
4.102 -2.87979 0.672431
4.102 -2.70526 1.47411
4.102 -2.53073 0.0325508
4.102 -2.35619 0.0882431
4.102 -2.18166 0.218541
4.102 -2.00713 0.812599
4.102 -1.8326 0.668911
4.102 -1.65806 0.957767
4.102 -1.48353 1.01839
4.102 -1.309 0.644772
4.102 -1.13446 0.360555
4.102 -0.959931 0.691646
4.102 -0.785398 0.965319
4.102 -0.610865 1.65588
4.102 -0.436332 0.582027
4.102 -0.261799 0.859303
4.102 -0.0872664 0.530593
4.277 0.0872665 0.116372
4.277 0.261799 1.6633
4.277 0.436332 0.49995
4.277 0.610865 0.611594
4.277 0.785398 0.434995
4.277 0.959931 0.348224
4.277 1.13446 0.796167
4.277 1.309 0.80011
4.277 1.48353 2.06857
4.277 1.65806 0.500026
4.277 1.8326 1.06733
4.277 2.00713 1.21279
4.277 2.18166 0.313179
4.277 2.35619 0.419128
4.277 2.53073 0.190043
4.277 2.70526 1.28801
4.277 2.87979 0.489588
4.277 3.05433 0.653077
4.277 -3.05433 0.408606
4.277 -2.87979 0.238944
4.277 -2.70526 0.323697
4.277 -2.53073 0.282425
4.277 -2.35619 0.776149
4.277 -2.18166 0.599826
4.277 -2.00713 0.289941
4.277 -1.8326 0.286497
4.277 -1.65806 0.713084
4.277 -1.48353 0.420364
4.277 -1.309 0.172039
4.277 -1.13446 0.886071
4.277 -0.959931 0.247768
4.277 -0.785398 1.31654
4.277 -0.610865 1.57533
4.277 -0.436332 2.35089
4.277 -0.261799 0.289242
4.277 -0.0872665 0.537211
4.4505 0.0872664 0.218427
4.4505 0.261799 0.568891
4.4505 0.436332 0.479276
4.4505 0.610865 0.577151
4.4505 0.785398 0.768666
4.4505 0.959931 1.59563
4.4505 1.13446 0.319429
4.4505 1.309 0.47082
4.4505 1.48353 1.11667
4.4505 1.65806 0.422418
4.4505 1.8326 0.275402
4.4505 2.00713 0.278817
4.4505 2.18166 0.526565
4.4505 2.35619 0.321205
4.4505 2.53073 1.37306
4.4505 2.70526 2.12674
4.4505 2.87979 0.741089
4.4505 3.05433 0.423106
4.4505 -3.05433 0.360415
4.4505 -2.87979 0.722653
4.4505 -2.70526 0.476389
4.4505 -2.53073 0.470848
4.4505 -2.35619 0.649543
4.4505 -2.18166 0.0775208
4.4505 -2.00713 0.746107
4.4505 -1.8326 0.488916
4.4505 -1.65806 0.49712
4.4505 -1.48353 0.441448
4.4505 -1.309 0.995754
4.4505 -1.13446 0.580668
4.4505 -0.959931 0.312405
4.4505 -0.785398 0.306745
4.4505 -0.610865 0.570709
4.4505 -0.436332 0.905404
4.4505 -0.261799 0.506124
4.4505 -0.0872665 0.51731
4.627 0.0872665 0.194695
4.627 0.261799 0.670412
4.627 0.436332 0.483325
4.627 0.610865 0.148318
4.627 0.785398 0.389007
4.627 0.959931 1.70803
4.627 1.13446 0.878138
4.627 1.309 2.36277
4.627 1.48353 0.378984
4.627 1.65806 0.0576017
4.627 1.8326 0.423622
4.627 2.00713 0.107048
4.627 2.18166 0.560996
4.627 2.35619 0.341497
4.627 2.53073 0.489073
4.627 2.70526 0.313297
4.627 2.87979 0.6483
4.627 3.05433 0.388416
4.627 -3.05433 0.135851
4.627 -2.87979 0.489296
4.627 -2.70526 0.0991123
4.627 -2.53073 0.341725
4.627 -2.35619 0.849875
4.627 -2.18166 0.0462371
4.627 -2.00713 0.388232
4.627 -1.8326 0.15088
4.627 -1.65806 0.428668
4.627 -1.48353 0.363433
4.627 -1.309 0.334816
4.627 -1.13446 0.227224
4.627 -0.959931 0.0417778
4.627 -0.785398 0.596584
4.627 -0.610865 0.715261
4.627 -0.436332 0.431095
4.627 -0.261799 0.237412
4.627 -0.0872665 0.1656
4.8025 0.349066 0.488196
4.8025 0.698132 0.742489
4.8025 1.0472 1.63298
4.8025 1.39626 0.575126
4.8025 1.74533 0.65218
4.8025 2.0944 0.702321
4.8025 2.44346 1.02781
4.8025 2.79253 0.663165
4.8025 3.14159 0.247863
4.8025 -2.79253 0.715663
4.8025 -2.44346 0.68789
4.8025 -2.0944 0.271188
4.8025 -1.74533 0.453317
4.8025 -1.39626 0.889515
4.8025 -1.0472 1.12826
4.8025 -0.698132 1.13266
4.8025 -0.349066 0.595165
4.8025 -4.70728e-08 0.410635
5.04 0.349066 0.729659
5.04 0.698132 1.26542
5.04 1.0472 1.48407
5.04 1.39626 0.764631
5.04 1.74533 1.37978
5.04 2.09439 1.19547
5.04 2.44346 1.10011
5.04 2.79253 1.36794
5.04 3.14159 1.35729
5.04 -2.79253 0.602925
5.04 -2.44346 1.41243
5.04 -2.0944 1.03562
5.04 -1.74533 1.35117
5.04 -1.39626 1.35947
5.04 -1.0472 1.6688
5.04 -0.698132 1.94089
5.04 -0.349066 0.837205
5.04 1.30888e-07 1.58546
-3.0515 0.0872664 1.57938
-3.0515 0.261799 1.76984
-3.0515 0.436332 0.518948
-3.0515 0.610865 1.04973
-3.0515 0.785398 3.81439
-3.0515 0.959931 0.603921
-3.0515 1.13446 1.09271
-3.0515 1.309 0.713589
-3.0515 1.48353 1.16753
-3.0515 1.65806 1.06827
-3.0515 1.8326 1.01416
-3.0515 2.00713 4.31547
-3.0515 2.18166 0.616411
-3.0515 2.35619 0.868527
-3.0515 2.53073 0.071242
-3.0515 2.87979 0.475269
-3.0515 3.05433 1.47199
-3.0515 -3.05433 2.18193
-3.0515 -2.87979 0.615324
-3.0515 -2.70526 1.1508
-3.0515 -2.53073 0.348833
-3.0515 -2.35619 0.773254
-3.0515 -2.18166 0.216991
-3.0515 -2.00713 1.71691
-3.0515 -1.8326 0.546118
-3.0515 -1.65806 0.808046
-3.0515 -1.48353 2.73718
-3.0515 -1.309 0.811924
-3.0515 -1.13446 1.40167
-3.0515 -0.959931 1.24477
-3.0515 -0.785398 2.89641
-3.0515 -0.610865 0.322117
-3.0515 -0.436332 0.347568
-3.0515 -0.261799 1.45647
-3.0515 -0.0872664 2.83556
-3.2265 0.0872664 1.07988
-3.2265 0.261799 0.887534
-3.2265 0.436332 0.740068
-3.2265 0.610865 1.23721
-3.2265 0.785398 0.37191
-3.2265 0.959931 0.759855
-3.2265 1.13446 0.792621
-3.2265 1.309 2.04152
-3.2265 1.48353 2.6797
-3.2265 1.65806 1.43262
-3.2265 1.8326 1.75901
-3.2265 2.00713 2.35132
-3.2265 2.18166 2.06706
-3.2265 2.35619 2.52369
-3.2265 2.53073 0.507729
-3.2265 2.70526 0.490995
-3.2265 2.87979 0.611944
-3.2265 3.05433 1.96344
-3.2265 -3.05433 0.691583
-3.2265 -2.87979 0.0477626
-3.2265 -2.70526 0.479937
-3.2265 -2.53073 0.759373
-3.2265 -2.35619 1.63292
-3.2265 -2.18166 1.3254
-3.2265 -2.00713 0.935699
-3.2265 -1.8326 0.835605
-3.2265 -1.65806 0.996268
-3.2265 -1.48353 0.759507
-3.2265 -1.309 3.92944
-3.2265 -1.13446 1.74911
-3.2265 -0.959931 2.96332
-3.2265 -0.785398 1.54346
-3.2265 -0.610865 2.19427
-3.2265 -0.436332 0.904985
-3.2265 -0.261799 1.98152
-3.2265 -0.0872663 1.4094
-3.4015 0.0872666 0.930364
-3.4015 0.261799 2.16412
-3.4015 0.436332 2.34837
-3.4015 0.610865 1.22655
-3.4015 0.785398 0.703587
-3.4015 0.959931 1.32528
-3.4015 1.13446 1.96037
-3.4015 1.309 2.27045
-3.4015 1.48353 1.54958
-3.4015 1.65806 1.42965
-3.4015 1.8326 0.769766
-3.4015 2.00713 1.64363
-3.4015 2.18166 0.7665
-3.4015 2.35619 3.44622
-3.4015 2.53073 3.08244
-3.4015 2.70526 2.23317
-3.4015 2.87979 1.86762
-3.4015 3.05433 1.73945
-3.4015 -3.05433 0.545426
-3.4015 -2.87979 0.404533
-3.4015 -2.70526 1.58302
-3.4015 -2.53073 0.50202
-3.4015 -2.35619 0.90207
-3.4015 -2.18166 1.00225
-3.4015 -2.00713 3.32842
-3.4015 -1.8326 2.18371
-3.4015 -1.65806 0.764968
-3.4015 -1.48353 2.40875
-3.4015 -1.309 1.54553
-3.4015 -1.13446 1.25253
-3.4015 -0.959931 1.26199
-3.4015 -0.785398 2.45552
-3.4015 -0.610865 2.52112
-3.4015 -0.436332 1.38739
-3.4015 -0.261799 1.51463
-3.4015 -0.0872664 0.485228
-3.5765 0.0872664 0.325259
-3.5765 0.261799 1.33755
-3.5765 0.436332 3.54358
-3.5765 0.610865 1.29631
-3.5765 0.785398 3.22723
-3.5765 0.959931 2.16692
-3.5765 1.13446 1.00087
-3.5765 1.309 0.588391
-3.5765 1.48353 1.09232
-3.5765 1.65806 1.69766
-3.5765 1.8326 1.56343
-3.5765 2.00713 2.26498
-3.5765 2.18166 2.08558
-3.5765 2.35619 1.87073
-3.5765 2.53073 1.42557
-3.5765 2.70526 1.86377
-3.5765 2.87979 2.53678
-3.5765 3.05433 2.20236
-3.5765 -3.05433 1.21044
-3.5765 -2.87979 1.78206
-3.5765 -2.70526 1.97239
-3.5765 -2.53073 1.28295
-3.5765 -2.35619 1.54485
-3.5765 -2.18166 2.53481
-3.5765 -2.00713 0.96261
-3.5765 -1.8326 2.42597
-3.5765 -1.65806 1.65954
-3.5765 -1.48353 1.24524
-3.5765 -1.309 2.70493
-3.5765 -1.13446 1.41671
-3.5765 -0.959931 1.21273
-3.5765 -0.785398 0.3752
-3.5765 -0.610865 1.33612
-3.5765 -0.436332 2.40157
-3.5765 -0.261799 4.21087
-3.5765 -0.0872666 0.521247
-3.7515 0.0872664 1.62701
-3.7515 0.261799 2.636
-3.7515 0.436332 2.3992
-3.7515 0.610865 3.26929
-3.7515 0.785398 4.33421
-3.7515 0.959931 1.33408
-3.7515 1.13446 0.855917
-3.7515 1.309 1.96275
-3.7515 1.48353 0.623779
-3.7515 1.65806 0.481413
-3.7515 1.8326 2.27279
-3.7515 2.00713 1.45363
-3.7515 2.18166 1.32595
-3.7515 2.35619 0.624261
-3.7515 2.53073 2.05859
-3.7515 2.70526 0.771252
-3.7515 2.87979 1.18516
-3.7515 3.05433 0.850899
-3.7515 -3.05433 0.6117
-3.7515 -2.87979 2.69151
-3.7515 -2.70526 1.42005
-3.7515 -2.53073 0.747722
-3.7515 -2.35619 0.739698
-3.7515 -2.18166 1.42212
-3.7515 -2.00713 2.68225
-3.7515 -1.8326 1.46466
-3.7515 -1.65806 2.37573
-3.7515 -1.48353 1.22206
-3.7515 -1.309 1.79672
-3.7515 -1.13446 2.34385
-3.7515 -0.959931 2.37058
-3.7515 -0.785398 1.78554
-3.7515 -0.610865 1.66787
-3.7515 -0.436332 2.61456
-3.7515 -0.261799 2.30459
-3.7515 -0.0872664 1.55788
-3.926 0.0872663 1.35458
-3.926 0.2618 3.55766
-3.926 0.436332 0.680733
-3.926 0.610865 1.72063
-3.926 0.785398 1.68117
-3.926 0.959931 1.04256
-3.926 1.13446 2.68795
-3.926 1.309 2.22531
-3.926 1.48353 4.20154
-3.926 1.65806 1.16055
-3.926 1.8326 1.2796
-3.926 2.00713 0.77501
-3.926 2.18166 1.00672
-3.926 2.35619 0.496459
-3.926 2.53073 0.603416
-3.926 2.70526 1.30617
-3.926 2.87979 2.40418
-3.926 3.05433 1.14518
-3.926 -3.05433 1.64825
-3.926 -2.87979 2.99981
-3.926 -2.70526 1.5034
-3.926 -2.53073 0.698865
-3.926 -2.35619 1.31559
-3.926 -2.18166 2.13074
-3.926 -2.00713 2.09508
-3.926 -1.8326 1.2927
-3.926 -1.65806 2.71999
-3.926 -1.48353 2.25475
-3.926 -1.309 1.54387
-3.926 -1.13446 1.99624
-3.926 -0.959931 0.622117
-3.926 -0.785398 0.760282
-3.926 -0.610865 1.009
-3.926 -0.436332 1.53184
-3.926 -0.261799 1.37848
-3.926 -0.0872666 1.96732
-4.102 0.0872665 1.64561
-4.102 0.261799 2.22299
-4.102 0.436332 0.422981
-4.102 0.610865 1.75642
-4.102 0.785398 1.42181
-4.102 0.959931 1.04285
-4.102 1.13446 0.795873
-4.102 1.309 1.46241
-4.102 1.48353 1.81555
-4.102 1.65806 2.79198
-4.102 1.8326 5.26522
-4.102 2.00713 1.55276
-4.102 2.18166 1.94448
-4.102 2.35619 0.631286
-4.102 2.53073 1.79706
-4.102 2.70526 2.1826
-4.102 2.87979 1.38933
-4.102 3.05433 1.55717
-4.102 -3.05433 2.28204
-4.102 -2.87979 1.91443
-4.102 -2.70526 1.50957
-4.102 -2.53073 0.989335
-4.102 -2.35619 0.670655
-4.102 -2.18166 1.30969
-4.102 -2.00713 0.987247
-4.102 -1.8326 1.82119
-4.102 -1.65806 3.04017
-4.102 -1.48353 0.583756
-4.102 -1.309 0.891466
-4.102 -1.13446 2.2845
-4.102 -0.959931 1.27368
-4.102 -0.785398 1.19803
-4.102 -0.610865 2.11745
-4.102 -0.436332 1.37843
-4.102 -0.261799 0.936518
-4.102 -0.0872666 1.23522
-4.277 0.0872664 0.924081
-4.277 0.261799 0.480246
-4.277 0.436332 0.87204
-4.277 0.610865 0.407362
-4.277 0.785398 0.779099
-4.277 0.959931 1.65478
-4.277 1.13446 0.960099
-4.277 1.309 0.775969
-4.277 1.48353 1.90984
-4.277 1.65806 2.88537
-4.277 1.8326 3.65282
-4.277 2.00713 1.19082
-4.277 2.18166 1.0961
-4.277 2.35619 1.00393
-4.277 2.53073 3.1075
-4.277 2.70526 0.995948
-4.277 2.87979 1.70822
-4.277 3.05433 1.22959
-4.277 -3.05433 2.06533
-4.277 -2.87979 0.975996
-4.277 -2.70526 0.792923
-4.277 -2.53073 0.791951
-4.277 -2.35619 1.03954
-4.277 -2.18166 0.516766
-4.277 -2.00713 1.17209
-4.277 -1.8326 1.52856
-4.277 -1.65806 1.03435
-4.277 -1.48353 1.16138
-4.277 -1.309 0.444111
-4.277 -1.13446 1.46809
-4.277 -0.959931 0.923194
-4.277 -0.785398 1.02983
-4.277 -0.610865 0.627247
-4.277 -0.436332 0.684307
-4.277 -0.261799 0.860128
-4.277 -0.0872665 1.28595
-4.4505 0.0872664 1.04508
-4.4505 0.261799 1.09989
-4.4505 0.436332 0.767194
-4.4505 0.610865 1.09602
-4.4505 0.785398 0.238476
-4.4505 0.959931 1.01065
-4.4505 1.13446 0.967346
-4.4505 1.309 1.24213
-4.4505 1.48353 1.08843
-4.4505 1.65806 1.04301
-4.4505 1.8326 0.868103
-4.4505 2.00713 1.29543
-4.4505 2.18166 0.916628
-4.4505 2.35619 1.85796
-4.4505 2.53073 2.04778
-4.4505 2.70526 1.32448
-4.4505 2.87979 1.1409
-4.4505 3.05433 1.16077
-4.4505 -3.05433 2.30368
-4.4505 -2.87979 1.09527
-4.4505 -2.70526 1.27705
-4.4505 -2.53073 0.832035
-4.4505 -2.35619 1.54678
-4.4505 -2.18166 1.45904
-4.4505 -2.00713 1.61282
-4.4505 -1.8326 1.13291
-4.4505 -1.65806 0.302946
-4.4505 -1.48353 0.818863
-4.4505 -1.309 0.868788
-4.4505 -1.13446 0.310008
-4.4505 -0.959931 0.867015
-4.4505 -0.785398 1.02353
-4.4505 -0.610865 0.703604
-4.4505 -0.436333 0.872982
-4.4505 -0.261799 1.04951
-4.4505 -0.0872667 1.46825
-4.627 0.0872665 1.14534
-4.627 0.261799 0.837567
-4.627 0.436332 0.735681
-4.627 0.610865 0.708777
-4.627 0.785398 1.23415
-4.627 0.959931 0.524829
-4.627 1.13446 1.24272
-4.627 1.309 1.81543
-4.627 1.48353 1.33504
-4.627 1.65806 0.555887
-4.627 1.8326 0.493422
-4.627 2.00713 0.709416
-4.627 2.18166 0.836311
-4.627 2.35619 0.657524
-4.627 2.53073 0.993201
-4.627 2.70526 0.876994
-4.627 2.87979 1.06073
-4.627 3.05433 1.88277
-4.627 -3.05433 1.40136
-4.627 -2.87979 0.730607
-4.627 -2.70526 0.758133
-4.627 -2.53073 0.652602
-4.627 -2.35619 1.38145
-4.627 -2.18166 1.40648
-4.627 -2.00713 0.418842
-4.627 -1.8326 0.573497
-4.627 -1.65806 0.196651
-4.627 -1.48353 1.37593
-4.627 -1.309 0.971892
-4.627 -1.13446 1.06391
-4.627 -0.959931 0.333258
-4.627 -0.785398 0.92225
-4.627 -0.610865 0.801073
-4.627 -0.436332 1.84479
-4.627 -0.261799 0.679963
-4.627 -0.0872665 0.999936
-4.8025 0.349066 2.45344
-4.8025 0.698132 1.12167
-4.8025 1.0472 1.96349
-4.8025 1.39626 2.42165
-4.8025 1.74533 1.07885
-4.8025 2.0944 1.41563
-4.8025 2.44346 1.68465
-4.8025 2.79253 2.02449
-4.8025 -3.14159 1.08907
-4.8025 -2.79253 1.7007
-4.8025 -2.44346 1.47093
-4.8025 -2.09439 1.57303
-4.8025 -1.74533 1.87242
-4.8025 -1.39626 1.46865
-4.8025 -1.0472 0.830715
-4.8025 -0.698132 3.0686
-4.8025 -0.349066 2.14491
-4.8025 6.8756e-08 1.6603
-5.03999 0.349067 1.37549
-5.03999 0.698132 2.23734
-5.03999 1.0472 3.81517
-5.03999 1.39626 1.75201
-5.03999 1.74533 1.90581
-5.03999 2.0944 2.3712
-5.03999 2.44346 2.54413
-5.03999 2.79253 2.34226
-5.03999 -3.14159 1.9698
-5.03999 -2.79253 1.97325
-5.03999 -2.44346 2.54721
-5.03999 -2.09439 1.62385
-5.03999 -1.74533 1.44167
-5.03999 -1.39626 3.27164
-5.03999 -1.0472 2.69083
-5.03999 -0.698131 3.0261
-5.03999 -0.349065 3.51147
-5.04001 -7.49932e-07 2.21291
3.0515 0.0872665 1.16273
3.0515 0.261799 1.12738
3.0515 0.436332 2.29616
3.0515 0.610865 1.02149
3.0515 0.785398 1.20866
3.0515 0.959931 1.69165
3.0515 1.309 2.6925
3.0515 1.48353 0.521853
3.0515 1.65806 0.624241
3.0515 1.8326 0.759723
3.0515 2.00713 2.19001
3.0515 2.18166 1.02646
3.0515 2.35619 1.96094
3.0515 2.53073 1.98682
3.0515 2.70526 0.417381
3.0515 2.87979 2.20797
3.0515 3.05433 2.84764
3.0515 -3.05433 4.43531
3.0515 -2.87979 2.65208
3.0515 -2.70526 0.584431
3.0515 -2.53073 1.97769
3.0515 -2.35619 2.5748
3.0515 -2.18166 0.409335
3.0515 -2.00713 2.79362
3.0515 -1.8326 1.6323
3.0515 -1.65806 2.32911
3.0515 -1.48353 5.87558
3.0515 -1.309 2.00556
3.0515 -1.13446 1.10421
3.0515 -0.959931 1.13524
3.0515 -0.785398 1.1914
3.0515 -0.610865 1.59804
3.0515 -0.436332 1.70596
3.0515 -0.261799 2.77253
3.0515 -0.0872665 1.5752
3.2265 0.0872665 2.42824
3.2265 0.261799 2.16473
3.2265 0.436332 3.02736
3.2265 0.610865 2.02178
3.2265 0.785398 1.38728
3.2265 0.959931 0.909353
3.2265 1.13446 0.447279
3.2265 1.309 2.2158
3.2265 1.48353 2.86247
3.2265 1.65806 0.288397
3.2265 1.8326 3.31232
3.2265 2.00713 3.6847
3.2265 2.18166 4.6495
3.2265 2.35619 0.505947
3.2265 2.53073 2.53152
3.2265 2.70526 2.09481
3.2265 2.87979 0.90275
3.2265 3.05433 4.67799
3.2265 -3.05433 0.0524021
3.2265 -2.87979 1.77983
3.2265 -2.70526 1.19204
3.2265 -2.53073 1.62447
3.2265 -2.35619 2.63195
3.2265 -2.18166 0.646517
3.2265 -2.00713 1.66659
3.2265 -1.8326 2.00563
3.2265 -1.65806 1.35691
3.2265 -1.48353 1.57219
3.2265 -1.309 5.44939
3.2265 -1.13446 1.62001
3.2265 -0.959931 0.85897
3.2265 -0.785398 2.78644
3.2265 -0.610865 3.16407
3.2265 -0.436332 2.46659
3.2265 -0.261799 2.66483
3.2265 -0.0872665 2.61017
3.4015 0.0872665 1.29938
3.4015 0.261799 1.47361
3.4015 0.436332 0.219194
3.4015 0.610865 0.983565
3.4015 0.785398 2.00034
3.4015 0.959931 1.62677
3.4015 1.13446 1.81842
3.4015 1.309 2.02076
3.4015 1.48353 2.13476
3.4015 1.65806 2.95237
3.4015 1.8326 2.41979
3.4015 2.00713 4.36371
3.4015 2.18166 2.81852
3.4015 2.35619 3.05051
3.4015 2.53073 2.81064
3.4015 2.70526 2.67306
3.4015 2.87979 1.92776
3.4015 3.05433 2.05724
3.4015 -3.05433 0.961593
3.4015 -2.70526 1.64827
3.4015 -2.53073 2.32523
3.4015 -2.35619 0.892168
3.4015 -2.18166 1.84626
3.4015 -2.00713 2.01514
3.4015 -1.8326 4.39173
3.4015 -1.65806 1.98629
3.4015 -1.48353 2.39214
3.4015 -1.309 0.900984
3.4015 -1.13446 2.06932
3.4015 -0.959931 0.810538
3.4015 -0.785398 0.713235
3.4015 -0.610865 4.14117
3.4015 -0.436332 1.55346
3.4015 -0.261799 1.635
3.4015 -0.0872665 2.60108
3.5765 0.0872665 1.95622
3.5765 0.261799 3.42584
3.5765 0.436332 1.76767
3.5765 0.610865 2.3239
3.5765 0.785398 2.14852
3.5765 0.959931 2.65052
3.5765 1.13446 3.61637
3.5765 1.309 2.11949
3.5765 1.48353 2.74229
3.5765 1.65806 2.72968
3.5765 1.8326 2.9312
3.5765 2.00713 2.91213
3.5765 2.18166 3.19871
3.5765 2.35619 1.14149
3.5765 2.53073 4.21872
3.5765 2.70526 1.42763
3.5765 2.87979 1.43562
3.5765 3.05433 1.53095
3.5765 -3.05433 1.18836
3.5765 -2.87979 0.431746
3.5765 -2.70526 1.91689
3.5765 -2.53073 0.802322
3.5765 -2.35619 2.73604
3.5765 -2.18166 1.32861
3.5765 -2.00713 0.636949
3.5765 -1.8326 3.50245
3.5765 -1.65806 2.53204
3.5765 -1.48353 2.09379
3.5765 -1.309 1.76833
3.5765 -1.13446 3.69647
3.5765 -0.959931 1.14221
3.5765 -0.785398 0.598392
3.5765 -0.610865 2.46705
3.5765 -0.436332 2.11965
3.5765 -0.261799 2.60424
3.5765 -0.0872665 4.07643
3.7515 0.0872665 1.2052
3.7515 0.261799 1.26145
3.7515 0.436332 0.683526
3.7515 0.610865 2.69599
3.7515 0.785398 2.49945
3.7515 0.959931 2.18844
3.7515 1.13446 0.908185
3.7515 1.309 3.14702
3.7515 1.48353 0.839828
3.7515 1.65806 3.37907
3.7515 1.8326 2.05521
3.7515 2.00713 2.13289
3.7515 2.18166 3.4867
3.7515 2.35619 3.609
3.7515 2.53073 5.02114
3.7515 2.70526 4.8858
3.7515 2.87979 1.65545
3.7515 3.05433 0.649795
3.7515 -3.05433 1.89796
3.7515 -2.87979 1.30813
3.7515 -2.70526 1.28241
3.7515 -2.53073 1.79425
3.7515 -2.35619 2.45811
3.7515 -2.18166 0.556855
3.7515 -2.00713 2.75296
3.7515 -1.8326 1.25811
3.7515 -1.65806 6.30907
3.7515 -1.48353 1.58153
3.7515 -1.309 1.63004
3.7515 -1.13446 1.58163
3.7515 -0.959931 1.19164
3.7515 -0.785398 2.87317
3.7515 -0.610865 4.44287
3.7515 -0.436332 0.910015
3.7515 -0.261799 3.18239
3.7515 -0.0872665 3.08584
3.926 0.0872665 4.72814
3.926 0.261799 1.28269
3.926 0.436332 0.820783
3.926 0.610865 2.74659
3.926 0.785398 2.29803
3.926 0.959931 2.80333
3.926 1.13446 0.734533
3.926 1.309 1.6285
3.926 1.48353 1.29502
3.926 1.65806 1.23152
3.926 1.8326 1.20809
3.926 2.00713 3.19618
3.926 2.18166 4.14878
3.926 2.35619 3.69388
3.926 2.53073 3.93877
3.926 2.70526 1.79751
3.926 2.87979 0.768432
3.926 3.05433 0.737619
3.926 -3.05433 1.17911
3.926 -2.87979 1.46569
3.926 -2.70526 1.44338
3.926 -2.53073 1.0141
3.926 -2.35619 1.7262
3.926 -2.18166 1.841
3.926 -2.00713 1.93669
3.926 -1.8326 1.9898
3.926 -1.65806 1.43795
3.926 -1.48353 1.5942
3.926 -1.309 1.8696
3.926 -1.13446 1.70089
3.926 -0.959931 4.25165
3.926 -0.785398 2.1038
3.926 -0.610865 2.60313
3.926 -0.436332 0.858371
3.926 -0.261799 1.70723
3.926 -0.0872664 1.22592
4.102 0.0872665 1.72668
4.102 0.261799 2.28673
4.102 0.436332 0.234127
4.102 0.610865 1.03513
4.102 0.785398 1.93703
4.102 0.959931 2.26162
4.102 1.13446 1.18756
4.102 1.309 2.16473
4.102 1.48353 2.72709
4.102 1.65806 1.89342
4.102 1.8326 2.3853
4.102 2.00713 2.71455
4.102 2.18166 1.5511
4.102 2.35619 4.52393
4.102 2.53073 4.21588
4.102 2.70526 1.97315
4.102 2.87979 1.78184
4.102 3.05433 0.90619
4.102 -3.05433 1.39829
4.102 -2.87979 2.51183
4.102 -2.70526 0.297006
4.102 -2.53073 1.81338
4.102 -2.35619 1.16094
4.102 -2.18166 3.53367
4.102 -2.00713 0.828971
4.102 -1.8326 1.40114
4.102 -1.65806 3.34734
4.102 -1.48353 0.949033
4.102 -1.309 0.865224
4.102 -1.13446 1.98703
4.102 -0.959931 1.927
4.102 -0.785398 1.7818
4.102 -0.610865 1.46988
4.102 -0.436332 0.52545
4.102 -0.261799 1.39468
4.102 -0.0872664 3.03104
4.277 0.0872665 0.86502
4.277 0.261799 0.872121
4.277 0.436332 1.2169
4.277 0.610865 1.5979
4.277 0.785398 2.21325
4.277 0.959931 2.32119
4.277 1.13446 1.34057
4.277 1.309 1.98429
4.277 1.48353 3.81666
4.277 1.65806 2.40922
4.277 1.8326 2.74222
4.277 2.00713 1.39634
4.277 2.18166 2.01067
4.277 2.35619 2.00727
4.277 2.53073 3.48202
4.277 2.70526 1.70412
4.277 2.87979 1.80631
4.277 3.05433 2.20798
4.277 -3.05433 2.60933
4.277 -2.87979 0.493614
4.277 -2.70526 1.86625
4.277 -2.53073 1.5447
4.277 -2.35619 1.38036
4.277 -2.18166 1.56386
4.277 -2.00713 1.52556
4.277 -1.8326 2.09583
4.277 -1.65806 2.01714
4.277 -1.48353 1.82753
4.277 -1.309 2.15942
4.277 -1.13446 2.41146
4.277 -0.959931 2.04406
4.277 -0.785398 2.67273
4.277 -0.610865 1.23857
4.277 -0.436332 1.28455
4.277 -0.261799 1.73418
4.277 -0.0872665 0.73925
4.4505 0.0872664 0.827042
4.4505 0.261799 1.93246
4.4505 0.436332 1.06889
4.4505 0.610865 0.33182
4.4505 0.785398 1.36952
4.4505 0.959931 1.12718
4.4505 1.13446 2.02605
4.4505 1.309 1.19895
4.4505 1.48353 0.801876
4.4505 1.65806 1.60359
4.4505 1.8326 1.39183
4.4505 2.00713 1.13758
4.4505 2.18166 1.43846
4.4505 2.35619 2.60992
4.4505 2.53073 4.23985
4.4505 2.70526 1.28831
4.4505 2.87979 3.17683
4.4505 3.05433 1.22915
4.4505 -3.05433 1.7374
4.4505 -2.87979 0.781397
4.4505 -2.70526 1.97403
4.4505 -2.53073 1.57573
4.4505 -2.35619 1.89394
4.4505 -2.18166 0.691449
4.4505 -2.00713 0.965868
4.4505 -1.8326 1.19083
4.4505 -1.65806 1.42393
4.4505 -1.48353 1.0098
4.4505 -1.309 1.14153
4.4505 -1.13446 3.08175
4.4505 -0.959931 1.11361
4.4505 -0.785398 1.96713
4.4505 -0.610865 3.2271
4.4505 -0.436332 1.91758
4.4505 -0.261799 1.32307
4.4505 -0.0872665 1.71625
4.627 0.0872665 0.762138
4.627 0.261799 1.19663
4.627 0.436332 0.571058
4.627 0.610865 0.671479
4.627 0.785398 1.78069
4.627 0.959931 0.740501
4.627 1.13446 0.672724
4.627 1.309 1.33775
4.627 1.48353 1.49833
4.627 1.65806 1.69834
4.627 1.8326 0.707042
4.627 2.00713 1.70022
4.627 2.18166 1.76015
4.627 2.35619 1.25217
4.627 2.53073 1.22654
4.627 2.70526 1.81545
4.627 2.87979 1.45075
4.627 3.05433 1.40038
4.627 -3.05433 0.727589
4.627 -2.87979 0.395215
4.627 -2.70526 1.03922
4.627 -2.53073 1.39745
4.627 -2.35619 2.02095
4.627 -2.18166 0.442602
4.627 -2.00713 0.759356
4.627 -1.8326 1.29666
4.627 -1.65806 0.646064
4.627 -1.48353 1.15935
4.627 -1.309 1.23898
4.627 -1.13446 1.05746
4.627 -0.959931 1.24663
4.627 -0.785398 1.80921
4.627 -0.610865 1.01988
4.627 -0.436332 0.992718
4.627 -0.261799 0.962546
4.627 -0.0872665 0.418941
4.8025 0.349066 1.55222
4.8025 0.698132 1.39093
4.8025 1.0472 2.14788
4.8025 1.39626 1.59846
4.8025 1.74533 2.812
4.8025 2.0944 2.21337
4.8025 2.44346 1.83163
4.8025 2.79253 1.7944
4.8025 3.14159 0.496715
4.8025 -2.79253 0.891564
4.8025 -2.44346 1.30946
4.8025 -2.0944 1.37078
4.8025 -1.74533 3.28366
4.8025 -1.39626 1.34272
4.8025 -1.0472 3.0553
4.8025 -0.698132 1.38777
4.8025 -0.349066 2.55026
4.8025 -4.70728e-08 1.00475
5.04 0.349066 2.54105
5.04 0.698132 3.3468
5.04 1.0472 3.33496
5.04 1.39626 3.97205
5.04 1.74533 5.6349
5.04 2.09439 2.97436
5.04 2.44346 2.82462
5.04 2.79253 2.99164
5.04 3.14159 2.107
5.04 -2.79253 2.08549
5.04 -2.44346 4.67124
5.04 -2.0944 3.04334
5.04 -1.74533 3.18398
5.04 -1.39626 2.12009
5.04 -1.0472 4.25546
5.04 -0.698132 6.00609
5.04 -0.349066 3.38641
5.04 1.30888e-07 4.50384
